6
11111111111111111111111111111111
11111111111111111111111111111111
00000000000011111000000000000000
00000000000011111000000000000000
00000000000111100000000000000000
00000000000111100000000000000000
00000000001111100000000000000000
00000000011111000000000000000000
00000000011110000000000000000000
00000000011110000000000000000000
00000000011100000000000000000000
00000000111100000000000000000000
00000001111100000000000000000000
00000001111110000000000000000000
00000001111111100000000000000000
00000000111111111000000000000000
00000000111111111100000000000000
00000000111011111110000000000000
00000000111000111110000000000000
00000000111000011110000000000000
00000000111000001110000000000000
00000000111000001110000000000000
00000000111100001110000000000000
00000000111111011110000000000000
00000000111111111110000000000000
00000000001111111110000000000000
00000000000011111100000000000000
00000000000000000000000000000000
00000000000000000000000000000000
00000000000000000000000000000000
00000000000000000000000000000000
00000000000000000000000000000000