9
00000000000000000000000000000000
00000000000000000000000000000000
00000000000000000000000000000000
00000000000000000000000000000000
00000000000000000000000000000000
00000000000011111000000000000000
00000000001111001110000000000000
00000000011000000011000000000000
00000000010000000001000000000000
00000000110000000001000000000000
00000000100000000001000000000000
00000000100000000011000000000000
00000000100000000011000000000000
00000000110000000111000000000000
00000000010000001101000000000000
00000000011000111101000000000000
00000000001111110001000000000000
00000000000000000001000000000000
00000000000000000001000000000000
00000000000000000001000000000000
00000000000000000001000000000000
00000000000000000001000000000000
00000000000000000001000000000000
00000000000000000001000000000000
00000000000000000001000000000000
00000000000000000001000000000000
00000000000000000001000000000000
00000000000000000000000000000000
00000000000000000000000000000000
00000000000000000000000000000000
00000000000000000000000000000000
00000000000000000000000000000000