4
00000000000000000000000000000000
00000000000000000000000000000000
00000000000000000000000000000000
00000000000000000000000000000000
00000001000000000011000000000000
00000001000000000011000000000000
00000001000000000011000000000000
00000001000000000011000000000000
00000001000000000011000000000000
00000001000000000011000000000000
00000001000000000001000000000000
00000001000000000011000000000000
00000001000000000011000000000000
00000001000000000011000000000000
00000001000000000011000000000000
00000001111111111111000000000000
00000000000000000011000000000000
00000000000000000010000000000000
00000000000000000010000000000000
00000000000000000010000000000000
00000000000000000010000000000000
00000000000000000010000000000000
00000000000000000010000000000000
00000000000000000010000000000000
00000000000000000010000000000000
00000000000000000000000000000000
00000000000000000000000000000000
00000000000000000000000000000000
00000000000000000000000000000000
00000000000000000000000000000000
00000000000000000000000000000000
00000000000000000000000000000000