6
00000000000000000000000000000000
00000000000000000000000000000000
00000000000000100000000000000000
00000000000001110000000000000000
00000000000011100000000000000000
00000000000111000000000000000000
00000000001110000000000000000000
00000000001100000000000000000000
00000000011100000000000000000000
00000000011000000000000000000000
00000000111000000000000000000000
00000000110000000000000000000000
00000001110000000000000000000000
00000001110000000000000000000000
00000001111111000000000000000000
00000011111111111000000000000000
00000011000001111110000000000000
00000011000000001111000000000000
00000011000000000011100000000000
00000011000000000001100000000000
00000011000000000001110000000000
00000011000000000000110000000000
00000011000000000000110000000000
00000011100000000000110000000000
00000001110000000000110000000000
00000000111111100011110000000000
00000000001111111111100000000000
00000000000000111110000000000000
00000000000000000000000000000000
00000000000000000000000000000000
00000000000000000000000000000000
00000000000000000000000000000000