4
00000000000000000000000000000000
00000000000000000000000000000000
00000000000000000000000000000000
00000000000000000000000000000000
00000000100000010000000000000000
00000000100000010000000000000000
00000000100000010000000000000000
00000000100000010000000000000000
00000000100000010000000000000000
00000000100000010000000000000000
00000000100000011000000000000000
00000000100000011000000000000000
00000000100000001000000000000000
00000000100000001000000000000000
00000000100000001000000000000000
00000000111111111111000000000000
00000000000000001011111110000000
00000000000000001000000000000000
00000000000000001000000000000000
00000000000000001000000000000000
00000000000000001000000000000000
00000000000000001000000000000000
00000000000000001100000000000000
00000000000000000100000000000000
00000000000000000100000000000000
00000000000000000000000000000000
00000000000000000000000000000000
00000000000000000000000000000000
00000000000000000000000000000000
00000000000000000000000000000000
00000000000000000000000000000000
00000000000000000000000000000000