4
00000000000000000000000000000000
00000000000000000000000000000000
00000000000000000000000000000000
00000000000000000000000000000000
00000000000000000000000000000000
00000011100000000000000000000000
00000011100000000000000000000000
00000011100000000000000000000000
00000011100000001110000000000000
00000011100000001110000000000000
00000011100000001110000000000000
00001111100000001110000000000000
00001111100000001110000000000000
00001111100000001110000000000000
00001110000000001110000000000000
00001110000000001110000000000000
00001111111111111111111111100000
00001111111111111111111111100000
00001111111111111111111111100000
00000000000000001110000000000000
00000000000000001110000000000000
00000000000000001110000000000000
00000000000000001110000000000000
00000000000000001110000000000000
00000000000000001110000000000000
00000000000000001110000000000000
00000000000000001110000000000000
00000000000000001110000000000000
00000000000000000000000000000000
00000000000000000000000000000000
00000000000000000000000000000000
00000000000000000000000000000000