4
00000000000000000000000000000000
00000000000000000000000001110000
00000111000000000000000001110000
00000111000000000000000001111000
00000111000000000000000001111000
00000111000000000000000000111000
00000111000000000000000000111000
00000111100000000000000000111000
00000111100000000000000000111000
00000011100000000000000000111000
00000011100000000000000000111000
00000011100000000000000000111000
00000011100000000000000000111000
00000111100000000000000001111000
00000111111111111111111111111100
00000111111111111111111111111100
00000111111111111111111111111100
00000000000000000000000000111000
00000000000000000000000000111000
00000000000000000000000000111000
00000000000000000000000000111000
00000000000000000000000000111000
00000000000000000000000000111000
00000000000000000000000000111000
00000000000000000000000000111000
00000000000000000000000000111000
00000000000000000000000000111000
00000000000000000000000000111000
00000000000000000000000000111000
00000000000000000000000000111000
00000000000000000000000000000000
00000000000000000000000000000000