0
00000000000000000000000000000000
00000000000000000000000000000000
00000000000000000000000000000000
00000000000000000000000000000000
00000000011100000000000000000000
00000000011110000000000000000000
00000000111111000000000000000000
00000001111111111100000000000000
00000001110000011111110000000000
00000011100000000001111100000000
00000011100000000000011110000000
00000011000000000000001111000000
00000111000000000000000111100000
00000111000000000000000011100000
00000111000000000000000001110000
00000110000000000000000001110000
00000111000000000000000001110000
00000111000000000000000001110000
00000011100000000000000011110000
00000011110000000000000111110000
00000001110000000000001111100000
00000001111000000000111111000000
00000000111111000111111100000000
00000000001111111111110000000000
00000000000011111110000000000000
00000000000000000000000000000000
00000000000000000000000000000000
00000000000000000000000000000000
00000000000000000000000000000000
00000000000000000000000000000000
00000000000000000000000000000000
00000000000000000000000000000000