3
00000000000000000000000000000000
00000000000000001000000000000000
00000000000000000000000000000000
00000000000000000000000000000000
00000000000000000000011000000000
00000000000000000100000000000000
00000000001111111111100100000000
00000000111111100001110000000000
00000000100000000001110100000000
00000000000000001011100000000000
00000000000000000111000000000000
00000000000000011110000000000000
00000000000001111000001000000000
00000000010001110000000000000000
00000000000111101111110110000000
00000000101111111111111111000000
00000000000110000000001111000000
00000000000000001000000011000000
00000000000000000000000001000000
00000000000000000000000011000000
00000000000000000000000011001000
00000000000000000000000111000000
00000000000000000000001110000000
00000000000000000000001100000000
00000000000000000001111000000000
00000000001111111111110000000000
00000000111111111111000000000000
00000000000000000000000000000000
00000000010000000000000000000000
00000000000000000000000000000000
00000000000000000000000000000000
00000000000000000000000000000000