6
00000000000000000000000000000000
00000000000001111110000000000000
00000000001110000011110000000000
00000000011000000000011000000000
00000000110000000000000100000000
00000000100000000000000100000000
00000001000000000000000000000000
00000011000000000000000000000000
00000010000000000000000000000000
00000100000000000000000000000000
00000100000000000000000000000000
00000100000000000000000000000000
00000100000000000000000000000000
00000100000000000000000000000000
00000100000000001111110000000000
00000100000001110000011111000000
00000100000111000000000001100000
00000100111100000000000000111000
00000101100000000000000000001100
00000111000000000000000000000100
00000010000000000000000000000110
00000011000000000000000000000010
00000001100000000000000000000010
00000000100000000000000000000110
00000000110000000000000000000100
00000000010000000000000000000100
00000000011000000000000000001100
00000000001100000000000000011000
00000000000111000000000011110000
00000000000000111111111110000000
00000000000000000000000000000000
00000000000000000000000000000000