6
00000000000000000000000000000000
00000000000000000000000000000000
00000000000000000000000000000000
00000000000000110000000000000000
00000000000011100000000000000000
00000000001110000000000000000000
00000000111000000000000000000000
00000001100000000000000000000000
00000001000000000000000000000000
00000011000000000000000000000000
00000010000000000000000000000000
00000010000000000000000000000000
00000110000000000000000000000000
00000100000000000000000000000000
00000100000000000000000000000000
00000100000000000000000000000000
00000100000000000000000000000000
00000100111111111000000000000000
00000111100000001110000000000000
00000010000000000010000000000000
00000011000000000011000000000000
00000001000000000001000000000000
00000001100000000001100000000000
00000000110000000001100000000000
00000000011100000001000000000000
00000000000111111111000000000000
00000000000000000000000000000000
00000000000000000000000000000000
00000000000000000000000000000000
00000000000000000000000000000000
00000000000000000000000000000000
00000000000000000000000000000000