5
00000000000000000000000000000000
00000000000000000000000000000000
00000000000000000000000000000000
00000011111111111111111100000000
00000111111111111111111110000000
00000110000000000000000000000000
00000110000000000000000000000000
00000110000000000000000000000000
00000010000000000000000000000000
00000010000000000000000000000000
00000010000000000000000000000000
00000011000000000000000000000000
00000011001111111111111000000000
00000011111110000000001110000000
00000001000000000000000011000000
00000000000000000000000011000000
00000000000000000000000001000000
00000000000000000000000001100000
00000000000000000000000001100000
00000000000000000000000001100000
00000000000000000000000001100000
00000000000000000000000001100000
00000000000000000000000001000000
00000000000000000000000011000000
00000000000000000000000010000000
00000011000000000000000100000000
00000001000000000000011000000000
00000000110000000000110000000000
00000000011111111111100000000000
00000000000000000000000000000000
00000000000000000000000000000000
00000000000000000000000000000000