9
00000000000000000000000000000000
00000000000000000000000000000000
00000000000000000000000000000000
00000000000000000000000000000000
00000000000111111110000000000000
00000000011111111111000000000000
00000000111111111111100000000000
00000001111110000111100000000000
00000011111100000011110000000000
00000011110000000011110000000000
00000011100000000001111000000000
00000011110000000001111000000000
00000011111000000000111000000000
00000011111100000000111000000000
00000001111110000000111000000000
00000000111111000011111000000000
00000000011111111111111000000000
00000000001111111111111000000000
00000000000011111111111000000000
00000000000000000001111000000000
00000000000000000001110000000000
00000000000000000001110000000000
00000000000000000001110000000000
00000000000000000001110000000000
00000000000000000001110000000000
00000000000000000001110000000000
00000000000000000001110000000000
00000000000000000001110000000000
00000000000000000001110000000000
00000000000000000001110000000000
00000000000000000001110000000000
00000000000000000000000000000000