8
00000000000000000000000000000000
00000000000000000000000000000000
00000000000000000000000000000000
00000000000011111111000000000000
00000000011110000001100000000000
00000001110000000000110000000000
00000001000000000000010000000000
00000001000000000000010000000000
00000001000000000000010000000000
00000001000000000000110000000000
00000001100000000011100000000000
00000000110000000110000000000000
00000000011111111100000000000000
00000000000111111000000000000000
00000000011100001100000000000000
00000000111000000110000000000000
00000000100000000011000000000000
00000001100000000001100000000000
00000001000000000000110000000000
00000001000000000000010000000000
00000001000000000000011000000000
00000001000000000000001000000000
00000001000000000000001000000000
00000001100000000000001000000000
00000000100000000000001000000000
00000000110000000000001000000000
00000000011000000000011000000000
00000000001110000000110000000000
00000000000011111001100000000000
00000000000000001111000000000000
00000000000000000000000000000000
00000000000000000000000000000000