8
00000000000000000000000000000000
00000000000000000000000000000000
00000000000000000000000000000000
00000000000000000000000000000000
00000000000000000000000000000000
00000000000111111111000000000000
00001000011100000000100000000000
00001101100000000000010000000000
00000010000000000000010000000000
00000001100000000000001000000000
00000000010000000000001000000000
00000000011000000000001000000000
00000000001100000000001000000000
00000000000110000000011000000000
00000000000001000000110000000000
00000000000001100001100000000000
00000000000000100111000000000000
00000000000000011100000000000000
00000000000011101000000000000000
00000000001110001100000000000000
00000000011000000100000000000000
00000000010000000100000000000000
00000000010000000100000000000000
00000000010000000100000000000000
00000000010000000100000000000000
00000000011000000100000000000000
00000000001110000100000000000000
00000000000001111100000000000000
00000000000000000000000000000000
00000000000000000000000000000000
00000000000000000000000000000000
00000000000000000000000000000000