0
00000000000000000000000000000000
00000000000000000000000000000000
00000000000111000000000000000000
00000000000111111111000000000000
00000000000111111111100000000000
00000000000111111111110000000000
00000000000111000111111000000000
00000000000111000001111100000000
00000000000111000001111110000000
00000000000111000000011111000000
00000000000111000000001111100000
00000000000111000000000111100000
00000000000111000000000011110000
00000000000111000000000011110000
00000000000111000000000001110000
00000000000111000000000001110000
00000000000111000000000001110000
00000000000111000000000001110000
00000000000111000000000001110000
00000000000111000000000001110000
00000000000111000000000001110000
00000000000111000000000001110000
00000000000111000000000001110000
00000000000111000000000001110000
00000000000111100000000001110000
00000000000111100000000001110000
00000000000111111111100011110000
00000000000011111111111111110000
00000000000011111111111111110000
00000000000000000001111111100000
00000000000000000000000000000000
00000000000000000000000000000000