8
11111111111111111111111111111111
11111111111111111111111111111111
00000000000000001111111111000000
00000000011111101111111111100000
00000000011111100001111111100000
00000000111111100000000111100000
00000001111100000000000111100000
00000001111000000000011111100000
00000001111100000000111111000000
00000001111111110001111111000000
00000001111111111111111000000000
00000000111111111111111000000000
00000000000000111111110000000000
00000000000000111111111000000000
00000000000000111111111000000000
00000000000001111101111000000000
00000000000001111000111000000000
00000000000001110000111100000000
00000000000001110000111100000000
00000000000001110000011100000000
00000000000001110000011110000000
00000000000001110000011110000000
00000000000001110000011110000000
00000000000001110000011110000000
00000000000001110000011110000000
00000000000001111000111110000000
00000000000001111100111100000000
00000000000000111111111100000000
00000000000000011111111000000000
00000000000000011111110000000000
00000000000000000000000000000000
00000000000000000000000000000000