2
00000000000000000000000000000000
00000000000000000010000000000000
00000000000000000100110000000000
00000000000100001001001000000000
00000000000000010111100000000000
00000000000011111110000100000000
00000000000011111111101000000000
00000000010111000001110100000000
00000000000110000000111000000000
00000000100110000010011000000000
00000000000110000010011100000000
00000000000100000000101100000000
00000000000000000000101100000000
00000000000000000000001100000000
00000000000000000010001100000000
00000000000001000000101100000000
00000000000000000001001000000000
00000000000000001000011000000000
00000000000000000001010000000000
00000000000000110000110000000000
00000000000100000011101000000000
00000000001111100011010000000000
00000000011111111110000100000000
00000000111000111111110000000000
00000000011111101001111111000000
00000000000000000011001111000000
00000000000000000000000010000000
00000000000100000000010000000000
00000000000000000000000000000000
00000000000000000000000000000000
00000000000000000000000000000000
00000000000000000000000000000000