1
00000000000000000000000000000000
00000000000000000000000000000000
00000000000000000000000000000000
00000000000000000000000000000000
00000000000000010000000000000000
00000000000000110000000000000000
00000000000001110000000000000000
00000000000011010000000000000000
00000000000110110000000000000000
00000000001100110000000000000000
00000000011000100000000000000000
00000000000000100000000000000000
00000000000000100000000000000000
00000000000000100000000000000000
00000000000001100000000000000000
00000000000001100000000000000000
00000000000001000000000000000000
00000000000001000000000000000000
00000000000001000000000000000000
00000000000001000000000000000000
00000000000001000000000000000000
00000000000001000000000000000000
00000000000001000000000000000000
00000000000001000000000000000000
00000000000001000000000000000000
00000000000001000000000000000000
00000000001111111100000000000000
00000000000011000000000000000000
00000000000000000000000000000000
00000000000000000000000000000000
00000000000000000000000000000000
00000000000000000000000000000000