6
00000000000000000000000000000000
00000000000000000000000000000000
00000000000000111111100000000000
00000000000011100000110000000000
00000000001100000000011000000000
00000000011000000000001000000000
00000000110000000000001000000000
00000001100000000000000000000000
00000001000000000000000000000000
00000001000000000000000000000000
00000011000000000000000000000000
00000010000000000000000000000000
00000110000000000000000000000000
00000100000000000000000000000000
00000101111111000000000000000000
00000111000001111111000000000000
00001100000000000001111000000000
00011100000000000000001110000000
00010100000000000000000010000000
00110100000000000000000011000000
00100100000000000000000001000000
00100100000000000000000001000000
01100100000000000000000001100000
01000110000000000000000000100000
00000010000000000000000000100000
00000011000000000000000000100000
00000001100000000000000000100000
00000000110000000000000001100000
00000000011110000000000001000000
00000000000001111111111111000000
00000000000000000000000000000000
00000000000000000000000000000000