1
00000000000000000011110000000000
00000000000000000111110000000000
00000000000000001111110000000000
00000000000000011111110000000000
00000000000000011111110000000000
00000000000000111111110000000000
00000000000000111101110000000000
00000000000001111101110000000000
00000000000011111001110000000000
00000000000111110001110000000000
00000000001111100001110000000000
00000000001111100001110000000000
00000000111111000001110000000000
00000001111110000001110000000000
00000001111100000001110000000000
00000001111000000001110000000000
00000000000000000001110000000000
00000000000000000001110000000000
00000000000000000001110000000000
00000000000000000001110000000000
00000000000000000001110000000000
00000000000000000001110000000000
00000000000000000001110000000000
00000000000000000001110000000000
00000000000000000001110000000000
00000000000000000001110000000000
00000000000000000001110000000000
00000000000000000001110000000000
00000000000000000001110000000000
00000000000000000000000000000000
00000000000000000000000000000000
00000000000000000000000000000000