8
11111111111111111111111111111111
11111111111111111111111111111111
00000000011111000000000000000000
00000001111111000000000000000000
00000011111111110000000000000000
00000111111111110000000000000000
00001111100011111000000000000000
00001111100001111000000000000000
00001111000001111000000000000000
00011110000000111000000000000000
00011110000000111000000000000000
00011100000000111000000000000000
00011100000000111000000000000000
00011100000001111000000000000000
00011111000001111111100000000000
00011111111111111111110000000000
00011111111111111111110000000000
00000111111111111111111000000000
00000000000011100001111000000000
00000000000011100001111000000000
00000000000011100000111100000000
00000000000011100000111100000000
00000000000011100000011100000000
00000000000011110000011100000000
00000000000011110000011100000000
00000000000011111100011100000000
00000000000001111100011100000000
00000000000001111111011100000000
00000000000000011111011100000000
00000000000000011111111100000000
00000000000000000111111100000000
00000000000000000011111100000000