8
00000000000000000000000000000000
00000000000000000000000000000000
00000000000000011111000000000000
00000000000011110001100000000000
00000000001110000000100000000000
00000000011000000000100000000000
00000000110000000000100000000000
00000000100000000000100000000000
00000000100000000001100000000000
00000000100000000001100000000000
00000000100000000001000000000000
00000000100000000011000000000000
00000000111000000011000000000000
00000000001111100110000000000000
00000000000011101100000000000000
00000000000000111000000000000000
00000000000001111101000000000000
00000000000111000110000000000000
00000000001100000011000000000000
00000000001000000001000000000000
00000000011000000001100001000000
00000000010000000000100000000000
00000000010000000000110000000000
00000000010000000000010000000000
00000000010000000000010000000000
00000000010000000000010000000000
00000000011000000000110000000000
00000000011100000000100000000000
00000000000110000111100000000000
00000000000011111100000000000000
00000000000000000000000000000000
00000000000000000000000000000000