7
00000000000000000000000000000000
00000000000000000000000000000000
00000000000000000000000011100000
00000001111111111111111111110000
00000000000000000000000000110000
00000000000000000000000000100000
00000000000000000000000001100000
00000000000000000000000011000000
00000000000000000000000010000000
00000000000000000000000110000000
00000000000000000000000100000000
00000000000000000000001100000000
00000000000000000000001000000000
00000000000000000000011000000000
00000000000000000000010000000000
00000000000000000000110000000000
00000000000011111100100000000000
00000000000010011111111111111100
00000000000000000011000000000000
00000000000000000011000000000000
00000000000000000110000000000000
00000000000000000100000000000000
00000000000000000100000000000000
00000000000000001100000000000000
00000000000000001000000000000000
00000000000000011000000000000000
00000000000000010000000000000000
00000000000000010000000000000000
00000000000000110000000000000000
00000000000000100000000000000000
00000000000000100000000000000000
00000000000000000000000000000000