9
00000000000000000000000000000000
00000000000000000000000000000000
00000000000011000000000000000000
00000000000111110010000000000000
00000000001111111111000000000000
00000000011100000111000000000000
00000000011000000111000000000000
00000000111000000111000000000000
00000000110000001111000000000000
00000001110000001111000000000000
00000001100000011111000000000000
00000001110000011011000000000000
00000000110000111011000000000000
00000000111111110011000000000000
00000000011111100011000000000000
00000000000000000011000000000000
00000000000000000011000000000000
00000000000000000011000000000000
00000000000000000011000000000000
00000000000000000011000000000000
00000000000000000011000000000000
00000000000000000011000000000000
00000000000000000011000000000000
00000000000000000011000000000000
00000000000000000011000000000000
00000000000000000011000000000000
00000000000000000011000000000000
00000000000000000011000000000000
00000000000000000011000000000000
00000000000000000000000000000000
00000000000000000000000000000000
00000000000000000000000000000000