5
00000000000000000000000000000000
00000000000000000000000000000000
00000000000000000000000000000000
00000000000000000000000000000000
00000000000000000000000000000000
00000000000000000001111111000000
00000111111111111111111111000000
00000110000000000000000000000000
00000110000000000000000000000000
00000110000000000000000000000000
00000110000000000000000000000000
00000110000000000000000000000000
00000110000000000000000000000000
00000110001111111110000000000000
00000111111111111111100000000000
00000110000000000000110000000000
00000000000000000000010000000000
00000000000000000000011000000000
00000000000000000000001000000000
00000000000000000000001000000000
00000000000000000000000100000000
00000000000000000000000100000000
00000000000000000000000100000000
00000100000000000000000100000000
00000100000000000000000100000000
00000100000000000000000100000000
00000100000000000011111100000000
00000110000000111111110000000000
00000011111111110000000000000000
00000000111100000000000000000000
00000000000000000000000000000000
00000000000000000000000000000000