9
00000000000000000000000000000000
00000000000000000000000000000000
00000000000011111000000000000000
00000000000111111100000000000000
00000000001111111100000000000000
00000000011110011100000000000000
00000000111100011100000000000000
00000000111000011100000000000000
00000000111000011100000000000000
00000000110000111100000000000000
00000000111001111100000000000000
00000000111111111100000000000000
00000000011111111100000000000000
00000000001110011100000000000000
00000000000000011100000000000000
00000000000000011100000000000000
00000000000000011100000000000000
00000000000000011100000000000000
00000000000000011100000000000000
00000000000000011100000000000000
00000000000000011100000000000000
00000000000000001100000000000000
00000000000000001100000000000000
00000000000000001110000000000000
00000000000000001110000000000000
00000000000000001110000000000000
00000000000000001110000000000000
00000000000000000000000000000000
00000000000000000000000000000000
00000000000000000000000000000000
00000000000000000000000000000000
00000000000000000000000000000000