9
00000000000111000000000000000000
00000000111111110000000000000000
00000011111111111100000000000000
00000111110000111110000000000000
00001111000000001111000000000000
00011110000000000011100000000000
00011100000000000001100000000000
00111000000000000001110000000000
00111000000000000001110000000000
00111000000000000001110000000000
00111000000000000001110000000000
00111100000000000011110000000000
00011111100000011111110000000000
00001111111111111111110000000000
00000011111111111000110000000000
00000000000000000000110000000000
00000000000000000000110000000000
00000000000000000000110000000000
00000000000000000000110000000000
00000000000000000000110000000000
00000000000000000000110000000000
00000000000000000000110000000000
00000000000000000000110000000000
00000000000000000000110000000000
00000000000000000000110000000000
00000000000000000000110000000000
00000000000000000000110000000000
00000000000000000000110000000000
00000000000000000000110000000000
00000000000000000000110000000000
00000000000000000000000000000000
00000000000000000000000000000000