9
00000000000000000000000000000000
00000000000000000000000000000000
00000000000000000111000000000000
00000000000111111111100000000000
00000000011111111111100000000000
00000000111111111111000000000000
00000001111111111111100000000000
00000011111100001111100000000000
00000111111000001111100000000000
00000111110000011111100000000000
00000111100000011111100000000000
00000111100001111111100000000000
00000111110111111111100000000000
00000011111111111111100000000000
00000011111111110111100000000000
00000001111111000111100000000000
00000000011100000111100000000000
00000000000000000111100000000000
00000000000000000111100000000000
00000000000000000111100000000000
00000000000000000111100000000000
00000000000000000111100000000000
00000000000000000111100000000000
00000000000000000111100000000000
00000000000000001111100000000000
00000000000000001111100000000000
00000000000000001111000000000000
00000000000000000110000000000000
00000000000000000000000000000000
00000000000000000000000000000000
00000000000000000000000000000000
00000000000000000000000000000000