4
00000000000000000000000000000000
00000000000000000000000000000000
00000000000000000000000000000000
00001110000000000111000000000000
00001110000000000111000000000000
00001110000000000111000000000000
00001110000000000111000000000000
00001110000000000111000000000000
00001110000000000111100000000000
00001110000000000111100000000000
00001110000000000111100000000000
00001110000000000011100000000000
00001110000000000011100000000000
00001110000000000011100000000000
00001110000000000011100000000000
00001110000000000011100000000000
00001111111111110011100000000000
00001111111111111111100000000000
00001111111111111111100000000000
00000000000001111111100000000000
00000000000000000011110000000000
00000000000000000011110000000000
00000000000000000011110000000000
00000000000000000001110000000000
00000000000000000001110000000000
00000000000000000001110000000000
00000000000000000001110000000000
00000000000000000001110000000000
00000000000000000001110000000000
00000000000000000001110000000000
00000000000000000001110000000000
00000000000000000001110000000000