9
00000000000000000000000000000000
00000000000000000000000000000000
00000000000000000000000000000000
00000000000000000000000000000000
00000000011111111000000000000000
00000000011111111110000000000000
00000000011111111111000000000000
00000000011111011111000000000000
00000000111110000111000000000000
00000000111100000111000000000000
00000000111110011111000000000000
00000000111111111111000000000000
00000000011111111111000000000000
00000000001111111111000000000000
00000000000000000111000000000000
00000000000000000111000000000000
00000000000000000111000000000000
00000000000000000111000000000000
00000000000000000111000000000000
00000000000000000111000000000000
00000000000000000111000000000000
00000000000000000111100000000000
00000000000000000111100000000000
00000000000000000011100000000000
00000000000000000011100000000000
00000000000000000011100000000000
00000000000000000000000000000000
00000000000000000000000000000000
00000000000000000000000000000000
00000000000000000000000000000000
00000000000000000000000000000000
00000000000000000000000000000000