9
00000000000000000000000000000000
00000000000000000000000000000000
00000000000011111100000000000000
00000000001111111111000000000000
00000000011111111111100000000000
00000000111111101111110000000000
00000000111100000111110000000000
00000000111000000011111000000000
00000000111000000001111000000000
00000000111000000001111000000000
00000000111000000000111000000000
00000000111100000000111000000000
00000000111110000111111000000000
00000000011111101111111000000000
00000000011111111111111000000000
00000000000111111111111000000000
00000000000001111110111000000000
00000000000000000000111000000000
00000000000000000000111000000000
00000000000000000000111000000000
00000001110000000000111000000000
00000001111000000000111000000000
00000001111000000000111000000000
00000001111111000001111000000000
00000000111111101111111000000000
00000000011111111111111000000000
00000000000111111111110000000000
00000000000011111110000000000000
00000000000000000000000000000000
00000000000000000000000000000000
00000000000000000000000000000000
00000000000000000000000000000000