5
00000000000000000000000000000000
00000000000000000000000000000000
00000000000000000000000000000000
00000000000000000000000000000000
00000000000000000000000000000000
00000000000000000000000000000000
00000000000000000111000000000000
00000000000011111101110000000000
00000000111111000000000000000000
00000000100000000000000000000000
00000000100000000000000000000000
00000000100000000000000000000000
00000001100000000000000000000000
00000001000000000000000000000000
00000001000000000000000000000000
00000001000000000000000000000000
00000001001111110000000000000000
00000001111000111000000000000000
00000000000000001000000000000000
00000000000000001000000000000000
00000000000000001000000000000000
00000000000000011000000000000000
00000000000000011000000000000000
00000000000000110000000000000000
00000000000001110000000000000000
00000000001101100000000000000000
00000000001111000000000000000000
00000000011110000000000000000000
00000000011100000000000000000000
00000000000000000000000000000000
00000000000000000000000000000000
00000000000000000000000000000000