9
00000000000000000000000000000000
00000000000111110000000000000000
00000000011111111111111100000000
00000000110000000000111111000000
00000001100000000000000001000000
00000011000000000000000011000000
00000010000000000000000011000000
00000110000000000000000011000000
00000110000000000000000011000000
00000010000000000000000011000000
00000001000000000000000011000000
00000001110000000000000111000000
00000000011110000000001111000000
00000000000111111111111011000000
00000000000000000000000011000000
00000000000000000000000011000000
00000000000000000000000011000000
00000000000000000000000011000000
00000000000000000000000011000000
00000000000000000000000011000000
00000000000000000000000011000000
00000000000000000000000011000000
00000000000000000000000011000000
00000000000000000000000011000000
00000000000000000000000011000000
00000000000000000000000011000000
00000000000000000000000011000000
00000000000000000000000011000000
00000000000000000000000011000000
00000000000000000000000000000000
00000000000000000000000000000000
00000000000000000000000000000000