4
00000000000000000000000000000000
00000000000000000000000000000000
00000000000000000000000000000000
00000000000000000000000000000000
00000000000000000000000000000000
00000000000000000000000000000000
00000000000000000000000000000000
00000001000000100000000000000000
00000001000000100000000000000000
00000001000000100000000000000000
00000001000000100000000000000000
00000001000000100000000000000000
00000001000000100000000000000000
00000001000000100000000000000000
00000001000000100000000000000000
00000001000000100000000000000000
00000001000000100000000000000000
00000001000000100000000000000000
00000001000000100000000000000000
00000001000000100000000000000000
00000001111111111111111100000000
00000000000000100000000000000000
00000000000000100000000000000000
00000000000000100000000000000000
00000000000000100000000000000000
00000000000000100000000000000000
00000000000000100000000000000000
00000000000000000000000000000000
00000000000000000000000000000000
00000000000000000000000000000000
00000000000000000000000000000000
00000000000000000000000000000000