6
00000000000000000000000000000000
00000000000000000000000000000000
00000000000000000000000000000000
00000000000000110000000000000000
00000000000001100000000000000000
00000000000011000000000000000000
00000000000110000000000000000000
00000000001100000000000000000000
00000000011000000000000000000000
00000000010000000000000000000000
00000000110000000000000000000000
00000000100000000000000000000000
00000001100000000000000000000000
00000001000000000000000000000000
00000011000000000000000000000000
00000010000011111111100000000000
00000010011110000000100000000000
00000010110000000000100000000000
00000110100000000000100000000000
00000100100000000000100000000000
00000101100000000000100000000000
00000111000000000000100000000000
00000011000000000000100000000000
00000001100000000011000000000000
00000000011110011110000000000000
00000000000011110000000000000000
00000000000000000000000000000000
00000000000000000000000000000000
00000000000000000000000000000000
00000000000000000000000000000000
00000000000000000000000000000000
00000000000000000000000000000000