8
00000000000000000000000000000000
00000000000000000000000000000000
00000000000000000000000000000000
00000000000000000000000000000000
00000000000000000000000000000000
00000000000000000000000000000000
00000000000000111111000000000000
00000000000011111111100000000000
00000000001111000001110000000000
00000000011100000000111000000000
00000000011000000000111000000000
00000000110000000000011000000000
00000000110000000000011000000000
00000000110000000000111000000000
00000000110000000000110000000000
00000000111000000001110000000000
00000000011111111111100000000000
00000000001111111111110000000000
00000000000111100011111000000000
00000000001110000000011100000000
00000000001100000000001110000000
00000000011000000000000110000000
00000000111000000000000110000000
00000000110000000000000010000000
00000000111000000000000110000000
00000000011000000000011110000000
00000000011110000001111100000000
00000000000111111111110000000000
00000000000001111111000000000000
00000000000000000000000000000000
00000000000000000000000000000000
00000000000000000000000000000000