4
00000000000000000000000000000000
00000000000000000000000000000000
00000000000000000000000000000000
00000000011100000001111000000000
00000000011100000001111000000000
00000000011100000001111000000000
00000000111100000000111000000000
00000000111100000000111000000000
00000000111100000001111000000000
00000000111000000001111000000000
00000001111000000001110000000000
00000001111000000001110000000000
00000001111000000001110000000000
00000001111111111111111111110000
00000001111111111111111111110000
00000001111111111111111111110000
00000001110000000011100000000000
00000000000000000011100000000000
00000000000000000011100000000000
00000000000000000011100000000000
00000000000000000011100000000000
00000000000000000011100000000000
00000000000000000011100000000000
00000000000000000011100000000000
00000000000000000011110000000000
00000000000000000011110000000000
00000000000000000001110000000000
00000000000000000001110000000000
00000000000000000000000000000000
00000000000000000000000000000000
00000000000000000000000000000000
00000000000000000000000000000000