4
00000000000000000000000000000000
00000000000000000000000000000000
00000000000000000000000000000000
00000000000000000000000000000000
00000000000000000000000000000000
00000000000000000000000000000000
00000000100000001000000000000000
00000000100000001000000000000000
00000000100000001000000000000000
00000000100000001000000000000000
00000000100000001000000000000000
00000000100000001000000000000000
00000000100000001000000000000000
00000000100000001000000000000000
00000000100000001000000000000000
00000000100000001000000000000000
00000000100000001000000000000000
00000000100000001000000000000000
00000000111111111111111110000000
00000000000000001000000000000000
00000000000000001000000000000000
00000000000000001000000000000000
00000000000000011000000000000000
00000000000000010000000000000000
00000000000000010000000000000000
00000000000000010000000000000000
00000000000000010000000000000000
00000000000000010000000000000000
00000000000000010000000000000000
00000000000000000000000000000000
00000000000000000000000000000000
00000000000000000000000000000000