8
00000000000000000000000000000000
00000000001111111111000000000000
00000000011111111111100000000000
00000000111111111111100000000000
00000000111110000111110000000000
00000001111100000011110000000000
00000001111000000001110000000000
00000001111000000001110000000000
00000001110000000001110000000000
00000001110000000001110000000000
00000001111000000001110000000000
00000001111100000111110000000000
00000001111110111111110000000000
00000000111111111111110000000000
00000000011111111111110000000000
00000000011111111111111000000000
00000000111111100011111100000000
00000000111110000000111100000000
00000000111100000000111100000000
00000000111000000000011100000000
00000000111000000000011100000000
00000000111000000000111100000000
00000000111100000000111100000000
00000000111110000001111000000000
00000000111110000011111000000000
00000000011111101111111000000000
00000000001111111111110000000000
00000000000111111111100000000000
00000000000011111110000000000000
00000000000000000000000000000000
00000000000000000000000000000000
00000000000000000000000000000000