1
00000000000000000000000000000000
00000000000000000000000000000000
00000000000000000111100000000000
00000000000000001111100000000000
00000000000000001111100000000000
00000000000000011111100000000000
00000000000000011111100000000000
00000000000000111111100000000000
00000000000000111111100000000000
00000000000001111111100000000000
00000000000011111011100000000000
00000000000011110011110000000000
00000000000011110011110000000000
00000000000111100011110000000000
00000000001111100011110000000000
00000000001111000001110000000000
00000000001110000001110000000000
00000000001110000001110000000000
00000000001110000001111000000000
00000000001110000001111000000000
00000000000000000001111000000000
00000000000000000000111000000000
00000000000000000000111000000000
00000000000000000000111000000000
00000000000000000000111000000000
00000000000000000000111000000000
00000000000000000000111000000000
00000000000000000000111000000000
00000000000000000000111000000000
00000000000000000000111000000000
00000000000000000000111000000000
00000000000000000000111000000000