4
00000000000000000000000000000000
00000000000000000000000000000000
00000000000000000000000000000000
00000000000000000000000000000000
00000000001000000000001000000000
00000000001000000000001000000000
00000000001000000000001000000000
00000000001000000000001000000000
00000000001000000000001000000000
00000000001000000000001000000000
00000000001000000000001000000000
00000000001000000000001000000000
00000000001000000000001000000000
00000000001111111111111000000000
00000000000000000000001000000000
00000000000000000000001000000000
00000000000000000000001000000000
00000000000000000000001000000000
00000000000000000000001000000000
00000000000000000000001000000000
00000000000000000000001000000000
00000000000000000000001000000000
00000000000000000000001000000000
00000000000000000000001000000000
00000000000000000000001000000000
00000000000000000000001000000000
00000000000000000000001000000000
00000000000000000000001000000000
00000000000000000000001000000000
00000000000000000000000000000000
00000000000000000000000000000000
00000000000000000000000000000000