8
00000000000000000000000000000000
00000000000000000000000000000000
00000000000000000000000000000000
00000000000000000000000000000000
00000000000000000000000000000000
00000000001111111111100000000000
00000000011111111111110000000000
00000000011111111111111100000000
00000000011110000011111100000000
00000000011100000001111100000000
00000000011110000000111100000000
00000000011111000011111100000000
00000000001111111111111100000000
00000000001111111111111000000000
00000000001111111111000000000000
00000000011111111100000000000000
00000000111111111110000000000000
00000001111110111110000000000000
00000001111100011111000000000000
00000001111000001111000000000000
00000001111000001111000000000000
00000001111000000111000000000000
00000001111110000111000000000000
00000001111111111111000000000000
00000000111111111111000000000000
00000000001111111111000000000000
00000000000000000000000000000000
00000000000000000000000000000000
00000000000000000000000000000000
00000000000000000000000000000000
00000000000000000000000000000000
00000000000000000000000000000000