6
00000000000000000000000000000000
00000000000000000000000000000000
00000000000000000000000000000000
00000000000000000000000000000000
00000000000000000000000000000000
00000000000000000000000000000000
00000000000001111100000000000000
00000000000011100000000000000000
00000000001110000000000000000000
00000000011100000000000000000000
00000000011000000000000000000000
00000000110000000000000000000000
00000000100000000000000000000000
00000001100000000000000000000000
00000001000000000000000000000000
00000001000000000000000000000000
00000001000000000000000000000000
00000001000000111100000000000000
00000001000111100111000000000000
00000001001110000001100000000000
00000001011000000000110000000000
00000001110000000000010000000000
00000001110000000000010000000000
00000000111100000000110000000000
00000000001110000011100000000000
00000000000011111110000000000000
00000000000000000000000000000000
00000000000000000000000000000000
00000000000000000000000000000000
00000000000000000000000000000000
00000000000000000000000000000000
00000000000000000000000000000000