9
00000000000000000000000000000000
00000000000000000000000000000000
00000001111111111000000000000000
00000111000000000111000000000000
00000100000000000000111000000000
00000100000000000000001100000000
00001000000000000000000110000000
00001000000000000000000010000000
00001100000000000000000010000000
00001100000000000000000010000000
00000100000000000000000110000000
00000100000000000000000110000000
00000110000000000000001110000000
00000110000000000000001010000000
00000011000000000000011010000000
00000010000000000000110010000000
00000011000000000011100010000000
00000001100000001110000010000000
00000000111111111000000010000000
00000000000000000000000010000000
00000000000000000000000010000000
00000000000000000000000010000000
00000000000000000000000010000000
00000000000000000000000010000000
00000000000000000000000010000000
00000000000000000000000010000000
00000000000000000000000010000000
00000000000000000000000010000000
00000000000000000000000010000000
00000000000000000000000010000000
00000000000000000000000010000000
00000000000000000000000000000000