9
00000000000000000000000000000000
00000000000000000000000000000000
00000000000000000000000000000000
00000000000000000000000000000000
00000000000000000110000000000000
00000000001111111111000000000000
00000000111111111111000000000000
00000001111111111111000000000000
00000001111111111111000000000000
00000001111000001111000000000000
00000001111110001111000000000000
00000001111111101111000000000000
00000000111111111111000000000000
00000000001111111111000000000000
00000000000011111111000000000000
00000000000000111111000000000000
00000000000000001111000000000000
00000000000000001111000000000000
00000000000000001111000000000000
00000000000000001111000000000000
00000000000000001111000000000000
00000000000000001111000000000000
00000000000000001111000000000000
00000000000000001111000000000000
00000000000000001111000000000000
00000000000000001111000000000000
00000000000000000110000000000000
00000000000000000000000000000000
00000000000000000000000000000000
00000000000000000000000000000000
00000000000000000000000000000000
00000000000000000000000000000000