3
00000000000000000000000000000000
00000000000000000000000000000000
00000000000000000000000000000000
00000000000000000000000000000000
00000000000000000000000000000000
00000000000000000000000000000000
00000000000000111111000000000000
00000000000011100001100000000000
00000000000110000000110000000000
00000000001100000000001000000000
00000000000000000000000100000000
00000000000000000000000100000000
00000000000000000000000100000000
00000000000000000000000100000000
00000000000000000000000100000000
00000000000000000000000100000000
00000000000000000000011000000000
00000000000000000001110000000000
00000000000000111111110000000000
00000000000000111000011100000000
00000000000000000000000100000000
00000000000000000000000010000000
00000000000000000000000011000000
00000000000000000000000001000000
00000000000000000000000001000000
00000000000000000000001111000000
00000000000000000001111000000000
00000000011111111111000000000000
00000000000000000000000000000000
00000000000000000000000000000000
00000000000000000000000000000000
00000000000000000000000000000000