2
00000000000000000000000000000000
00000000000000000000000000000000
00000000000000000000000000000000
00000000000000000000000000000000
00000000000000000000000000000000
00000011100000000000000000000000
00000111111000000000000000000000
00000011111111000000000000000000
00000000111111110000000000000000
00000000001111111000000000000000
00000000000001111100000000000000
00000000000000111110000000000000
00000000000000011110000000000000
00000000000000001111000000000000
00000000000000000111000000000000
00000000000000000111100000000000
00000000000000000011100000000000
00000000000000000011100000000000
00000000111111000011100000000000
00000001111111100011100000000000
00000001111111110111100000000000
00000001110011111111100000000000
00000001111111111111000000000000
00000001111111111111000000000000
00000000111111111111111000000000
00000000000000000111111110000000
00000000000000000001111110000000
00000000000000000000001100000000
00000000000000000000000000000000
00000000000000000000000000000000
00000000000000000000000000000000
00000000000000000000000000000000