9
00000000000000000000000000000000
00000000000000000000000000000000
00000000000000000000000000000000
00000000000000000000000000000000
00000000000000111000000000000000
00000000000011000111000000000000
00000000001100000001100000000000
00000000011000000000100000000000
00000000010000000000110000000000
00000000010000000000010000000000
00000000010000000000010000000000
00000000010000000000111000000000
00000000001000000001101000000000
00000000001000000001001000000000
00000000001100000110001000000000
00000000000100001100001000000000
00000000000111111000001000000000
00000000000000000000001000000000
00000000000000000000001000000000
00000000000000000000001000000000
00000000000000000000001000000000
00000000000000000000001000000000
00000000000000000000001000000000
00000000000000000000001000000000
00000000000000000000011000000000
00000000011000000000010000000000
00000000001100000000110000000000
00000000000011100011100000000000
00000000000000011110000000000000
00000000000000000000000000000000
00000000000000000000000000000000
00000000000000000000000000000000