8
00000000000000000000000000000000
00000000000000000000000000000000
00000000000000000000000000000000
00000000000000000000000000000000
00000000000000000000000000000000
00000000000000000000000000000000
00000000000000111111000000000000
00000000000011100011000000000000
00000000000110000001000000000000
00000000001100000001000000000000
00000000001000000001000000000000
00000000001000000001000000000000
00000000001000000011000000000000
00000000001100000011000000000000
00000000001100000110000000000000
00000000000100001100000000000000
00000000000110011100000000000000
00000000000111111000000000000000
00000000000011100000000000000000
00000000000011111000000000000000
00000000000110001110000000000000
00000000000100000011100000000000
00000000000100000000110000000000
00000000000100000000010000000000
00000000000100000000110000000000
00000000000111111111100000000000
00000000000000000000000000000000
00000000000000000000000000000000
00000000000000000000000000000000
00000000000000000000000000000000
00000000000000000000000000000000
00000000000000000000000000000000