2
00000000000000000000000000000000
00000000000000000000000000000000
00000000000000000000000000000000
00000000000000000000000000000000
00000000000000000000000000000000
00000000000000000000000000000000
00000000000000000000000000000000
00000011111111100000000000000000
00000110000000111100000000000000
00001100000000000110000000000000
00001000000000000011100000000000
00000000000000000000100000000000
00000000000000000000110000000000
00000000000000000000010000000000
00000000000000000000110000000000
00000000000000000000100000000000
00000000000000000001100000000000
00000000000000000001000000000000
00000000000000000111000000000000
00000000000000001100000000000000
00000000000000011000000000000000
00000000000000110000000000000000
00000000000011100000000000000000
00000000001110000000000000000000
00000000111000000000000000000000
00000001100000000000000000000000
00000011111111111111111000000000
00000000000000000000001111100000
00000000000000000000000000000000
00000000000000000000000000000000
00000000000000000000000000000000
00000000000000000000000000000000