0
00000000000000000000000000000000
00000000000000000000000000000000
00000000000000000000000000000000
00000000000000000000000000000000
00000000000001110000000000000000
00000000000111011100000000000000
00000000001100000110000000000000
00000000001000000011000000000000
00000000001000000001000000000000
00000000011000000001000000000000
00000000010000000001100000000000
00000000010000000000100000000000
00000000110000000000110000000000
00000000100000000000010000000000
00000000100000000000010000000000
00000000100000000000011000000000
00000000100000000000001000000000
00000000100000000000001000000000
00000000100000000000001000000000
00000000100000000000001000000000
00000000110000000000001000000000
00000000010000000000010000000000
00000000011000000000010000000000
00000000001100000000110000000000
00000000000111100001100000000000
00000000000000111111000000000000
00000000000000000000000000000000
00000000000000000000000000000000
00000000000000000000000000000000
00000000000000000000000000000000
00000000000000000000000000000000
00000000000000000000000000000000