4
00000000000000010000000000000000
00000000000000000000000000000000
00000000000000000000000000000000
00000000000000000000000000000000
00000000000000000000000000000000
00000000000000000000000000000000
00000000100000000000000000000000
00000000110000000000000000000000
00000001100000000000000000000000
00000001100000000000000000000000
00000001110000000000000000000000
00000000110000000000000000000000
00000000110000000000000000000000
00000000110000000000000000000000
00000000110000000000000000000000
00000000110000100000000000000000
00000000110010010000001000000000
00000000110000001000001000000000
00000000110100111100100000000000
00000000110100011000001010000000
00000000110000011111111111100000
00000000011011111111111111000000
00000000111111111010000000000000
00000000010100011000000000000000
00000000000000001100000000000000
00000000000000001101000000000000
00000000000000001100000000000000
00000000000000001000000000000000
00000000000000000000000000000000
00000000000000000000000000000000
00000000000000000000000000000000
00000000000000000000000000000000