1
00000000000000000000000000000000
00000000000000000000000000000000
00000000000000001110000000000000
00000000000000011110000000000000
00000000000001111110000000000000
00000000000011111110000000000000
00000000000111111110000000000000
00000000000111001110000000000000
00000000000110001110000000000000
00000000000000001110000000000000
00000000000000001110000000000000
00000000000000001110000000000000
00000000000000001110000000000000
00000000000000001110000000000000
00000000000000001110000000000000
00000000000000001110000000000000
00000000000000000110000000000000
00000000000000000110000000000000
00000000000000000110000000000000
00000000000000000110000000000000
00000000000000000110000000000000
00000000000000000110000000000000
00000000000000001110000000000000
00000000111111111111111100000000
00000000111111111111111111000000
00000000111111111111111111000000
00000000000000000000000000000000
00000000000000000000000000000000
00000000000000000000000000000000
00000000000000000000000000000000
00000000000000000000000000000000
00000000000000000000000000000000