9
00000000000000000000000000000000
00000000000000000000000000000000
00000000000000000000000000000000
00000001111111100000000000000000
00000011111111111100000000000000
00000111000000111111000000000000
00001110000000000111100000000000
00001100000000000001110000000000
00011100000000000000110000000000
00011000000000000000111000000000
00011000000000000001111000000000
00011110000000000011111000000000
00000111100000001111011000000000
00000011111111111110011000000000
00000000111111111000011000000000
00000000000000000000011000000000
00000000000000000000011000000000
00000000000000000000011000000000
00000000000000000000011000000000
00000000000000000000111000000000
00000000000000000000110000000000
00000000000000000001110000000000
00000000000000000111100000000000
00000000111111111111000000000000
00000000111111111100000000000000
00000000000000000000000000000000
00000000000000000000000000000000
00000000000000000000000000000000
00000000000000000000000000000000
00000000000000000000000000000000
00000000000000000000000000000000
00000000000000000000000000000000