3
00000000000000000000000000000000
00000000000000000000000000000000
00000000000000000000000000000000
00000000000000000000000000000000
00000000000000000000000000000000
00000000000000000000000000000000
00000001111110000000000000000000
00000000000011111111111100000000
00000000000000000000001100000000
00000000000000000000011000000000
00000000000000000000110000000000
00000000000000000001100000000000
00000000000000000011000000000000
00000000000000001110000000000000
00000000000000011000000000000000
00000000000001110000000000000000
00000000000011111111000000000000
00000000000000000001100000000000
00000000000000000000110000000000
00000000000000000000010000000000
00000000000000000000010000000000
00000000000000000000011000000000
00000000000000000000001000000000
00000000000000000000001000000000
00000000000000000000011000000000
00000000011000000000110000000000
00000000001111111111100000000000
00000000000000000000000000000000
00000000000000000000000000000000
00000000000000000000000000000000
00000000000000000000000000000000
00000000000000000000000000000000