4
00000000000000000000000000000000
00000000000000000000000000000000
00011111000000000000000000000000
00011111000000000000000000000000
00011111000000000000000000000000
00000111000000000000000000000000
00000111000000000000000000000000
00000111000000000000000000000000
00000111000000000000000000000000
00000111000000000001110000000000
00000111100000000001110000000000
00000111100000000001110000000000
00000111110000000001110000000000
00000011110000000001110000000000
00000011110000000001110000000000
00000011110000000001110000000000
00000001110000000001111000000000
00000001110000000001111000000000
00000001110000000001111000000000
00000001110000000000111000000000
00000001110000000000111000000000
00000001111111111111111111000000
00000001111111111111111111000000
00000001111111111111111111000000
00000000000000000000111000000000
00000000000000000000111000000000
00000000000000000000111000000000
00000000000000000000000000000000
00000000000000000000000000000000
00000000000000000000000000000000
00000000000000000000000000000000
00000000000000000000000000000000