8
00000000000000000000000000000000
00000000000000000000000000000000
00000000000000000000000000000000
00000000000000000000000000000000
00000000000000000000000000000000
00000000001111110000000000000000
00000000011000011110000110000000
00000000010000000011101110000000
00000000010000000001101100000000
00000000010000000000011000000000
00000000010000000000011000000000
00000000010000000001110000000000
00000000011000000011100000000000
00000000001110000111000000000000
00000000000011111100000000000000
00000000000000011110000000000000
00000000000000111011110000000000
00000000000000110000110000000000
00000000000001100000011000000000
00000000000011100000011000000000
00000000000011000000001000000000
00000000000010000000001000000000
00000000000011000000001000000000
00000000000011000000011000000000
00000000000001000000010000000000
00000000000001100000110000000000
00000000000001100001100000000000
00000000000000110111100000000000
00000000000000011100000000000000
00000000000000000000000000000000
00000000000000000000000000000000
00000000000000000000000000000000