0
00000000000000000000000000000000
00000000000000000000000000000000
00000000000011111100000000000000
00000000001111111110000000000000
00000000011110000111000000000000
00000000111000000011100000000000
00000001110000000001100000000000
00000001100000000001110000000000
00000001100000000000110000000000
00000001100000000000110000000000
00000001100000000000111000000000
00000001100000000000011000000000
00000001100000000000011000000000
00000001100000000000011000000000
00000001100000000000011000000000
00000001100000000000011000000000
00000001100000000000011000000000
00000001110000000000011000000000
00000000110000000000011000000000
00000000110000000000011000000000
00000000110000000000111000000000
00000000111000000000110000000000
00000000011000000001110000000000
00000000011100000011100000000000
00000000001110001111000000000000
00000000000111111110000000000000
00000000000011111000000000000000
00000000000000000000000000000000
00000000000000000000000000000000
00000000000000000000000000000000
00000000000000000000000000000000
00000000000000000000000000000000