8
00000000000000000000000000000000
00000000000000000000000000000000
00000000000011111000000000000000
00000000001111111100000000000000
00000000011111111111000000000000
00000000111111111111000000000000
00000000111110011111000000000000
00000000111100000111000000000000
00000000111000000111000000000000
00000000111000000111000000000000
00000000111100000111000000000000
00000000111111101111000000000000
00000000111111111111000000000000
00000000011111111111000000000000
00000000111111111110000000000000
00000000111111111111000000000000
00000000111101111111100000000000
00000001111000001111100000000000
00000001111000000111100000000000
00000001111000000011100000000000
00000001111000000011100000000000
00000001111000000011100000000000
00000001111100000011100000000000
00000000111111000111100000000000
00000000111111111111100000000000
00000000011111111111100000000000
00000000000111111111000000000000
00000000000000111100000000000000
00000000000000000000000000000000
00000000000000000000000000000000
00000000000000000000000000000000
00000000000000000000000000000000