4
00000000000000000000000000000000
00000000000000000000000000000000
00000000000000000000000000000000
00000001100000000000000000000000
00000011100000000000011100000000
00000011100000000000011100000000
00000011100000000000011100000000
00000011100000000000011000000000
00000011100000000000111000000000
00000011100000000000111000000000
00000011100000000000111000000000
00000011100000000000111000000000
00000011100000000000111000000000
00000011100000000000111000000000
00000011100000000000111000000000
00000011100000000000111000000000
00000011100000000000111000000000
00000011100000000000111000000000
00000011111111111111111111110000
00000001111111111111111111110000
00000000000000000000111000000000
00000000000000000000111000000000
00000000000000000000111000000000
00000000000000000000111000000000
00000000000000000000111000000000
00000000000000000000111000000000
00000000000000000000111000000000
00000000000000000000111000000000
00000000000000000000111000000000
00000000000000000000111000000000
00000000000000000000111000000000
00000000000000000000111000000000