9
00000000000000000000000000000000
00000000000000000000100000000000
00000000011111111111110000000000
00000000111111111111110000000000
00000000111000000001110000000000
00000000111000000001110000000000
00000000110000000001110000000000
00000000110000000001110000000000
00000000110000000001110000000000
00000000111000000011110000000000
00000000111000000011110000000000
00000000111000000111110000000000
00000000011000000111110000000000
00000000011110001111110000000000
00000000001111111101110000000000
00000000000111111101110000000000
00000000000000000001110000000000
00000000000000000001110000000000
00000000000000000001110000000000
00000000000000000001110000000000
00000000000000000011100000000000
00000000000000000011100000000000
00000000000000000011100000000000
00000000000000000011000000000000
00000000000000000011000000000000
00000000000000000011000000000000
00000000000000000011000000000000
00000000000000000011100000000000
00000000000000000011100000000000
00000000000000000001000000000000
00000000000000000000000000000000
00000000000000000000000000000000