9
11111111111111111111111111111111
11111111111111111111111111111111
00000000000000000000000000000000
00000000000000000000000000000000
00000000000000000000000000000000
00000000000011111000000000000000
00000000000011111000000000000000
00000000000011111000000000000000
00000000000111111110011100000000
00000000000111111111111110000000
00000000000111111111111110000000
00000000000111000111111110000000
00000000000111000001111111000000
00000000000111000001111111000000
00000000000111000001110111000000
00000000000111000001110111000000
00000000000111000001110111000000
00000000000111000011110111000000
00000000000111110011110111000000
00000000000111111111100111000000
00000000000111111111100111000000
00000000000001111111100111000000
00000000000000000000001111000000
00000000000000000000001111000000
00000000000000000111111110000000
00000000000001111111111110000000
00000000000001111111111110000000
00000000000001111110000000000000
00000000000000000000000000000000
00000000000000000000000000000000
00000000000000000000000000000000
00000000000000000000000000000000