8
00000000000111111111100000000000
00000000001111111111110000000000
00000000111111111111111000000000
00000001111111001111111100000000
00000011111110000000011110000000
00000111100000000000001110000000
00001111000000000000001110000000
00011110000000000000011110000000
00011100000000000001111100000000
00111110000000000111111000000000
00111111111111111111110000000000
00011111111111111111100000000000
00011111111111111110000000000000
00000000111111111100000000000000
00000000001111111000000000000000
00000000000111111100100000000000
00000000001111101111111111000000
00000000011110000111111111110000
00000000111100000110000111111000
00000001111000000000000001111000
00000001110000000000000000111000
00000001100000000000000000111000
00000011100000000000000001111100
00000011100000000000000011111000
00000011100000000000001111110000
00000001100000000000011111100000
00000001110000000001111111000000
00000001111100000111111110000000
00000000111111111111111000000000
00000000011111111111100000000000
00000000000111111100000000000000
00000000000011111000000000000000