5
00000000111111111111100000000000
00000000111111111111100000000000
00000000111000011111100000000000
00000000111000000000000000000000
00000000111000011111100000000000
00000000111011111111100000000000
00000001111111111111110000000000
00000001111111111011110000000000
00000001111111000001111000000000
00000000000000000001111100000000
00000000000000000001111100000000
00000000000000000000111110000000
00000000000000000000011110000000
00000000000000000000011110000000
00000000000000000000001111000000
00000000000000000000001111000000
00000000000000000000001111000000
00000000000000000000000111000000
00000000000000000000001111000000
00000000000000000000011111000000
00000000000001111111111111000000
00000000001111111111111110000000
00000000001111111111111100000000
00000000001111100000000000000000
00000000000000000000000000000000
00000000000000000000000000000000
00000000000000000000000000000000
00000000000000000000000000000000
00000000000000000000000000000000
00000000000000000000000000000000
00000000000000000000000000000000
00000000000000000000000000000000