6
00000000000000000000000000000000
00000000000000000000000000000000
00000000000000000000111000000000
00000000000000000011100000000000
00000000000000000110000000000000
00000000000000011000000000000000
00000000000000110000000000000000
00000000000000100000000000000000
00000000000001000000000000000000
00000000000011000000000000000000
00000000000110000000000000000000
00000000001100000000000000000000
00000000011000000000000000000000
00000000010000000000000000000000
00000000110000000000000000000000
00000000100000111110000000000000
00000001100011100011100000000000
00000001001110000000110000000000
00000011011000000000010000000000
00000010100000000000011000000000
00000011100000000000001000000000
00000010000000000000001100000000
00000011000000000000000100000000
00000001000000000000001100000000
00000001100000000000001000000000
00000000111000000000011000000000
00000000001100000000110000000000
00000000000111100011100000000000
00000000000000111110000000000000
00000000000000000000000000000000
00000000000000000000000000000000
00000000000000000000000000000000