8
00000000000000000000000000000000
00000000000000000000000000000000
00000000000000000000000000000000
00000000000000000000000000000000
00000000000011110010000000000000
00000000001110011111000000000000
00000000011000000011100000000000
00000000110000000001100000000000
00000000100000000000100000000000
00000000100000000000100000000000
00000000100000000001100000000000
00000000111100000001000000000000
00000000000111111011000000000000
00000000000000001110000000000000
00000000000001111011100000000000
00000000000111000000110000000000
00000000001100000000010000000000
00000000011000000000011000000000
00000000010000000000001000000000
00000000110000000000001000000000
00000000110000000000001000000000
00000000110000000000001000000000
00000000110000000000001000000000
00000000010000000000001000000000
00000000011000000000001000000000
00000000001100000000001000000000
00000000000111111111111000000000
00000000000000011111110000000000
00000000000000000000000000000000
00000000000000000000000000000000
00000000000000000000000000000000
00000000000000000000000000000000