6
00000000000000000000000000000000
00000000000000000000000000000000
00000000000000000001000000000000
00000000000000000111000000000000
00000000000000001110000000000000
00000000000000001100000000000000
00000000000000011000000000000000
00000000000000110000000000000000
00000000000000110000000000000000
00000000000001100000000000000000
00000000000011000000000000000000
00000000000011000000000000000000
00000000000110000000000000000000
00000000000110000000000000000000
00000000000111111000000000000000
00000000000100011110000000000000
00000000001100000111000000000000
00000000001100000011100000000000
00000000001000000001100000000000
00000000001000000000110000000000
00000000011000000000010000000000
00000000011000000000010000000000
00000000010000000000010000000000
00000000010000000000110000000000
00000000011000000001110000000000
00000000001100000111100000000000
00000000000111111110000000000000
00000000000000000000000000000000
00000000000000000000000000000000
00000000000000000000000000000000
00000000000000000000000000000000
00000000000000000000000000000000