5
00000000000000000000000000000000
00000000000000000000000000000000
00000000000000000000000000000000
00000000000000000000111000000000
00000000000000001111111000000000
00000000000111111111111000000000
00000000001111111110000000000000
00000000001111100000000000000000
00000000001110000000000000000000
00000000001110000000000000000000
00000000001110000000000000000000
00000000001110000000000000000000
00000000001110000000000000000000
00000000001111111100000000000000
00000000001111111111000000000000
00000000001111111111100000000000
00000000001110000011110000000000
00000000011100000001110000000000
00000000001100000001110000000000
00000000000000000001110000000000
00000000000000000001110000000000
00000000000000000001110000000000
00000000000000000011100000000000
00000000000000000011100000000000
00000000110000000111100000000000
00000000111000001111000000000000
00000000111111111110000000000000
00000000111111111100000000000000
00000000011111110000000000000000
00000000000000000000000000000000
00000000000000000000000000000000
00000000000000000000000000000000