4
00000000000000000000000000000000
00000000000000000000000000000000
00000000000000000000000000000000
00000011100000000000111000000000
00000011100000000000111000000000
00000011100000000000111000000000
00000011100000000000111000000000
00000011110000000000011000000000
00000011111000000000011000000000
00000011110000000000011000000000
00000011110000000000011100000000
00000011100000000000011100000000
00000011100000000000111100000000
00000011100000000111111110000000
00000011100000111111111110000000
00000011110001111111111110000000
00000011111111111111011110000000
00000011111111111100001110000000
00000001111111100000000111000000
00000001111000000000000111000000
00000000000000000000000111000000
00000000000000000000000111100000
00000000000000000000000011100000
00000000000000000000000011100000
00000000000000000000000011100000
00000000000000000000000001110000
00000000000000000000000001110000
00000000000000000000000001111000
00000000000000000000000000111000
00000000000000000000000000010000
00000000000000000000000000000000
00000000000000000000000000000000