8
00000000000000000000000000000000
00000000011111111100000000000000
00000001110000000111000000000000
00000011000000000001000000000000
00000010000000000001100000000000
00000100000000000000110000000000
00001100000000000000011000000000
00001000000000000000001000000000
00001000000000000000001000000000
00011111000000000000001000000000
00011101110000000000001000000000
00000100011000000000001000000000
00000000001100000000011000000000
00000000000110000000110000000000
00000000000011100001100000000000
00000000000000110011000000000000
00000000000000011100000000000000
00000000000001111110000000000000
00000000000011000011000000000000
00000000001110000001100000000000
00000000111000000000110000000000
00000001100000000000011000000000
00000011000000000000001000000000
00000010000000000000001100000000
00000010000000000000000100000000
00000010000000000000000100000000
00000011000000000000000100000000
00000001100000000000001100000000
00000000111100000001111000000000
00000000000111111111000000000000
00000000000000000000000000000000
00000000000000000000000000000000