3
00000000000000000000000000000000
00000000000000000000000000000000
00000000000000000000000000000000
00000000000000000000000000000000
00000000000000011100000000000000
00000000000111100110000000000000
00000000011000000011000000000000
00000000110000000001100000000000
00000000000000000000100000000000
00000000000000000000100000000000
00000000000000000000100000000000
00000000000000000000100000000000
00000000000000000001000000000000
00000000000000000001000000000000
00000000000000001111111000000000
00000000000000111000000100000000
00000000000000000000000010000000
00000000000000000000000010000000
00000000000000000000000010000000
00000000000000000000000110000000
00000000000000000000000100000000
00000000000000000000000100000000
00100000000000000000001000000000
00110000000000000000001000000000
00001000000000000000001000000000
00000100000000000000110000000000
00000011000000000001100000000000
00000000110111111110000000000000
00000000011000000000000000000000
00000000000000000000000000000000
00000000000000000000000000000000
00000000000000000000000000000000