1
00000000000000000000000000000000
00000000000000000000000000000000
00000000000000111100000000000000
00000000000011111100000000000000
00000000001111111100000000000000
00000000011111111110000000000000
00000000111111111110000000000000
00000011111110011110000000000000
00000011111100001110000000000000
00000011111000001110000000000000
00000011100000001110000000000000
00000000000000001110000000000000
00000000000000001110000000000000
00000000000000001110000000000000
00000000000000001110000000000000
00000000000000001110000000000000
00000000000000001110000000000000
00000000000000001110000000000000
00000000000000001110000000000000
00000000000000001110000000000000
00000000000000001110000000000000
00000000000000001110000000000000
00000000000000001110000000000000
00000000000000001110000000000000
00000000000000001110000000000000
00000000000000001110000000000000
00000000000000001111000000000000
00000000000000001111000000000000
00000000000000001111000000000000
00000000000000000111000000000000
00000000000000000000000000000000
00000000000000000000000000000000