9
00000000000000000000000000000000
00000000000000000000000000000000
00000000000000000000000000000000
00000000000000000000000000000000
00000000000000000000000000000000
00000000000000000000000000000000
00000000000000000000000000000000
00000000000000001100000000000000
00000000000111111111110100000000
00000110011111100111110000000000
00000001111000000111000000000000
01000011000000001111000000000000
00010111000001111011000000000000
00010111111111000011000000000000
01000011111100000011001100000000
00100100000000000011100000000000
00000000000000000011001000000000
00000000000000000011000000000000
00000000000000000011000000000000
00000000000000000011010000000000
00000000000000000011010000000000
00000000000000000111000000000000
00000000000000000011000000000000
00000000000000000010001000000000
00000000000000000000000000000000
00000000000000000000000000000000
00000000000000000000000000000000
00000000000000000000000000000000
00000000000000000000000000000000
00000000000000000000000000000000
00000000000000000000000000000000
00000000000000000000000000000000