5
00000000000000000000000000000000
00000000000000000000000000000000
00000000000000000000000000000000
00000000000000000000000000000000
00000011111111111111100000000000
00000010000000000000000000000000
00000010000000000000000000000000
00000010111110000000000000000000
00000011100001111000000000000000
00000000000000001100000000000000
00000000000000000100000000000000
00000000000000000100000000000000
00000000000000000100000000000000
00000000000000000100000000000000
00000000000000000100000000000000
00000000000000001100000000000000
00000000100000001000000000000000
00000000100000011000000000000000
00000000110000010000000000000000
00000000010000110000000000000000
00000000011011100000000000000000
00000000001110000000000000000000
00000000000000000000000000000000
00000000000000000000000000000000
00000000000000000000000000000000
00000000000000000000000000000000
00000000000000000000000000000000
00000000000000000000000000000000
00000000000000000000000000000000
00000000000000000000000000000000
00000000000000000000000000000000
00000000000000000000000000000000