2
00000000000000000000000000000000
00000000000000000000000000000000
00000000111000000000000000000000
00000001101100000000000000000000
00000001000110000000000000000000
00000010000011000000000000000000
00000010000001000000000000000000
00000000000001100000000000000000
00000000000000110000000000000000
00000000000000010000000000000000
00000000000000010000000000000000
00000000000000010000000000000000
00000000000000010000000000000000
00000000000000010000000000000000
00000000000000010000000000000000
00000000000000110000000000000000
00000000000000100000000000000000
00000000000001100000000000000000
00000000000011000000000000000000
00000000001110000000000000000000
00000000011000000000000000000000
00000000110000000000000000000000
00000001110000000000000000000000
00000000011111100000000000000000
00000000000000011111110000000000
00000000000000000000011111100000
00000000000000000000000000000000
00000000000000000000000000000000
00000000000000000000000000000000
00000000000000000000000000000000
00000000000000000000000000000000
00000000000000000000000000000000