2
00000000000000000000000000000000
00000000000000000000000000000000
00000000000111111110000000000000
00000000001100000011000000000000
00000000010000000001100000000000
00000000000000000001100000000000
00000000000000000000110000000000
00000000000000000000110000000000
00000000000000000000110000000000
00000000000000000000110000000000
00000000000000000000110000000000
00000000000000000000110000000000
00000000000000000000110000000000
00000000000000000001100000000000
00000000000000000001100000000000
00000000000000000011000000000000
00000000000000000110000000000000
00000000000000001100000000000000
00000000000000011000000000000000
00000000000000110000000000000000
00000000000000110000000000000000
00000000000000100000000000000000
00000000000001000000000000000000
00000000000011000000000000000000
00000000000010000000000000000000
00000000000110000000000000000000
00000000000110000000000000000000
00000000001100000000000000000000
00000000001100000000000000000000
00000000001111111111111000000000
00000000001000001111111110000000
00000000000000000000000000000000