8
00000000000000000000000000000000
00000000000000000000000000000000
00000000000000000000000000000000
00000000000001110000000000000000
00000000011111111100000000000000
00000000010000000110000000000000
00000000100000000011000000000000
00000000100000000001000000000000
00000000100000000001000000000000
00000000100000000001000000000000
00000000100000000011000000000000
00000000100000000010000000000000
00000000100000000110000000000000
00000000100000000100000000000000
00000000010000001100000000000000
00000000010000111000000000000000
00000000001111100000000000000000
00000000001110111110000000000000
00000000010000000001100000000000
00000000100000000000010000000000
00000000100000000000001000000000
00000001000000000000001100000000
00000011000000000000000100000000
00000010000000000000000100000000
00000010000000000000000100000000
00000011000000000000001100000000
00000001100000000000111000000000
00000000011000000011100000000000
00000000001111111100000000000000
00000000000000000000000000000000
00000000000000000000000000000000
00000000000000000000000000000000