8
00000000000000000000000000000000
00000000000000000000000000000000
00000000000000000000000000000000
00000000000000011110000000000000
00000000000111111111100000000000
00000000011100000001100000000000
00000000110000000000100000000000
00000001100000000001100000000000
00000001000000000001000000000000
00000001000000000001000000000000
00000001000000000001000000000000
00000001000000000011000000000000
00000001100000000010000000000000
00000000111000000110000000000000
00000000011110001100000000000000
00000000000011111110000000000000
00000000000011100011111110000000
00000000000110000000000010000000
00000000011100000000000010000000
00000000110000000000000010000000
00000001100000000000000011000000
00000011000000000000000001000000
00000010000000000000000001000000
00000110000000000000000011000000
00000100000000000000000010000000
00000100000000000000000110000000
00000100000000000000111100000000
00000111111111111111100000000000
00000000000000000000000000000000
00000000000000000000000000000000
00000000000000000000000000000000
00000000000000000000000000000000