8
00000000000000000000000000000000
00000000000000000000000000000000
00000000000000000000000000000000
00000000000000000000000000000000
00000000000000000000000000000000
00000000000011111110000000000000
00000000000011000011100000000000
00000000000010000000110000000000
00000000000110000000110000000000
00000000000100000011100000000000
00000000000110000111000000000000
00000000000010001110000000000000
00000000000011011100000000000000
00000000000001111100000000000000
00000000000000110111000000000000
00000000000001100001110000000000
00000000000011000000111000000000
00000000000011000000011000000000
00000000000010000000001000000000
00000000000110000000001000000000
00000000000110000000001000000000
00000000000100000000011000000000
00000000000100000000111000000000
00000000000110000001110000000000
00000000000110000011000000000000
00000000000011111110000000000000
00000000000000000000000000000000
00000000000000000000000000000000
00000000000000000000000000000000
00000000000000000000000000000000
00000000000000000000000000000000
00000000000000000000000000000000