9
00000000000000000000000000000000
00000000000000000000000000000000
00000000000000000000000000000000
00000000000000000000000000000000
00000000000111111111000000000000
00000000111100000011000000000000
00000001100000000001000000000000
00000011000000000001000000000000
00000010000000000011000000000000
00000010000000000011000000000000
00000010000000000111000000000000
00000011000000001101000000000000
00000001100000011001000000000000
00000000111111110001000000000000
00000000000000000001000000000000
00000000000000000001000000000000
00000000000000000001000000000000
00000000000000000011000000000000
00000000000000000010000000000000
00000000000000000010000000000000
00000000000000000010000000000000
00000000000000000010000000000000
00000000000000000010000000000000
00000000000000000010000000000000
00000000000000000010000000000000
00000000000000000010000000000000
00000000000000000010000000000000
00000000000000000010000000000000
00000000000000000010000000000000
00000000000000000000000000000000
00000000000000000000000000000000
00000000000000000000000000000000