6
00000000000000000000000000000000
00000000000000000000000000000000
00000000000000000000000000000000
00000000000000000000000000000000
00000000000011000000000000000000
00000000001110000000000000000000
00000000011000000000000000000000
00000000110000000000000000000000
00000000100000000000000000000000
00000001000000000000000000000000
00000001000000000000000000000000
00000001000000000000000000000000
00000001000000000000000000000000
00000001000000000000000000000000
00000011111110000000000000000000
00000010000011100000000000000000
00000010000000110000000000000000
00000010000000010000000000000000
00000010000000011000000000000000
00000010000000001000000000000000
00000010000000011000000000000000
00000010000000010000000000000000
00000011100001110000000000000000
00000000111111000000000000000000
00000000000000000000000000000000
00000000000000000000000000000000
00000000000000000000000000000000
00000000000000000000000000000000
00000000000000000000000000000000
00000000000000000000000000000000
00000000000000000000000000000000
00000000000000000000000000000000