9
00000000000000000000000000000000
00000000000000000000000000000000
00000000000000000000000000000000
00000000000000001111110000000000
00000000000111111111111100000000
00000000111111111111111110000000
00000001111111111111111110000000
00000011111111111000011110000000
00000011111110000000111110000000
00000011110000000001111110000000
00000011110000000111111110000000
00000011111100001111111110000000
00000011111111111111111110000000
00000001111111111111111110000000
00000000011111111110011110000000
00000000000111111000111110000000
00000000000000000000111100000000
00000000000000000000111100000000
00000000000000000000111100000000
00000000000000000000111100000000
00000000000000000000111100000000
00000000000000000000111100000000
00000000000000000000111100000000
00000000000000000000111100000000
00000000000000000000111100000000
00000000000000000000111100000000
00000000000000000000011000000000
00000000000000000000000000000000
00000000000000000000000000000000
00000000000000000000000000000000
00000000000000000000000000000000
00000000000000000000000000000000