3
00000000000000000000000000000000
00000011111111100000000000000000
00000011111111111111111111110000
00000011111111111111111111110000
00000000000001111111111111110000
00000000000000000000000001110000
00000000000000000000000001110000
00000000000000000000000001110000
00000000000000000000000001110000
00000000000000000000000001110000
00000000000000000000000001110000
00000000000000000000000011110000
00000000000000000000000011110000
00000000000000000000000011100000
00000000000000000000000011100000
00000011111111111111111111100000
00000011111111111111111111100000
00000011111111111111111111100000
00000000000000000000000011100000
00000000000000000000000011100000
00000000000000000000000011100000
00000000000000000000000011100000
00000000000000000000000011100000
00000000000000000000000011100000
00000000000000000000000011100000
00000000000000000000000011100000
00000000000000000000000011100000
00000000000000000000000011100000
00000001111111111111111011100000
00000001111111111111111111100000
00000001111111111111111111100000
00000000000000000000011111100000