0
00000000000000000000000000000000
00000000000000000000000000000000
00000000000000000000000000000000
00000000000000000000000000000000
00000000000000000000000000000000
00000000000011111111000000000000
00000000001100000000110000000000
00000000010000000000011000000000
00000000100000000000001000000000
00000000100000000000000100000000
00000001000000000000000100000000
00000001000000000000000100000000
00000001000000000000000100000000
00000001000000000000000010000000
00000010000000000000000010000000
00000010000000000000000010000000
00000010000000000000000010000000
00000010000000000000000010000000
00000010000000000000000010000000
00000010000000000000000010000000
00000010000000000000000010000000
00000010000000000000000010000000
00000010000000000000000010000000
00000001000000000000000010000000
00000001100000000000000010000000
00000000110000000000000100000000
00000000011100000001111000000000
00000000000011111110000000000000
00000000000000000000000000000000
00000000000000000000000000000000
00000000000000000000000000000000
00000000000000000000000000000000