9
11111111111111111111111111111111
11111111111111111111111111111111
00000000000011110111111110000000
00000000000011100000111111100000
00000000000011100000011111110000
00000000000011100000000111110000
00000000000011110000000011110000
00000000000011111000000011110000
00000000000011111000000011110000
00000000000001111100000111110000
00000000000000111110000111110000
00000000000000111111011111110000
00000000000000011111111111110000
00000000000000001111111111110000
00000000000000000111111101110000
00000000000000000000000001110000
00000000000000000000000001110000
00000000000000000000000001110000
00000000000000000000000001110000
00000000000000000000000011110000
00000001111110000000000011110000
00000001111111100000000011110000
00000001111111111100000111100000
00000000001111111110000111100000
00000000000011111111001111100000
00000000000000111111111111000000
00000000000000001111111111000000
00000000000000000111111110000000
00000000000000000001111110000000
00000000000000000000000000000000
00000000000000000000000000000000
00000000000000000000000000000000