7
00000000000000000000000000000000
00000000000000000000000000000000
00000000000000000000000000000000
00000000000000000000000000000000
00000000000000000000000000000000
00000000000000000000000000000000
00000000000000000000110000000000
00000000000000001111111100000000
00000111111111111111111000000000
00000011111100000000011000000000
00000000000000000000011000000000
00000000000000000000011000000000
00000000000000000000011000000000
00000000000000000001011000000000
00000000000000000000011000000000
00000000000000000001011000000000
00000000000000011111111111000000
00000000000011111111110110000000
00000000000000000000110000000000
00000000000000000000110000000000
00000000000000000000110000000000
00000000000000000000110000000000
00000000000000000000110000000000
00000000000000000000110000000000
00000000000000000000110000000000
00000000000000000000000000000000
00000000000000000000000000000000
00000000000000000000000000000000
00000000000000000000000000000000
00000000000000000000000000000000
00000000000000000000000000000000
00000000000000000000000000000000