9
00000000000000000000000000000000
00000000011111110000000000000000
00000000111111111100000000000000
00000001110000111110000000000000
00000001100000001111000000000000
00000001100000000111110000000000
00000001100000000001110000000000
00000001100000000000110000000000
00000001100000000000111000000000
00000001100000000000111100000000
00000001111000000000011000000000
00000000111111000000111000000000
00000000011111111111111000000000
00000000000111111111111000000000
00000000000000000000011000000000
00000000000000000000011000000000
00000000000000000000011000000000
00000000000000000000011000000000
00000000000000000000011000000000
00000000000000000000011000000000
00000000000000000000011000000000
00000000000000000000011000000000
00000000000000000000011000000000
00000000000000000000011000000000
00000000000000000000011000000000
00000000000000000000011000000000
00000000000000000000011000000000
00000000000000000000011000000000
00000000000000000000011000000000
00000000000000000000011000000000
00000000000000000000000000000000
00000000000000000000000000000000