0
00000000000000000000000000000000
00000000000000000000000000000000
00000000000000000000000000000000
00000000000000000000000000000000
00000000000000000000000000000000
00000000000000000000000000000000
00000000000001111111110000000000
00000000000111111111111000000000
00000000001111100000111000000000
00000000111110000000011100000000
00000001111100000000001100000000
00000011110000000000001110000000
00000011100000000000000110000000
00000111000000000000000111000000
00000111100000000000000111000000
00001111100000000000000011000000
00000111100000000000000011000000
00000001110000000000000011100000
00000001110000000000000011100000
00000001110000000000000011100000
00000000110000000000000011100000
00000000111000000000000011100000
00000000111000000000000011100000
00000000011100000000000011100000
00000000001110000000000011000000
00000000001111100000000111000000
00000000000011111000001111000000
00000000000001111111111110000000
00000000000000011111111100000000
00000000000000000000000000000000
00000000000000000000000000000000
00000000000000000000000000000000