5
00000000000000000000000000000000
00000000000000000000000000000000
00000000000000000000000000000000
00000000000000000000000000000000
00000000000000000000000010000000
00000001111000001111111110000000
00000001001111111000000000000000
00000001000000000000000000000000
00000001000000000000000000000000
00000001000000000000000000000000
00000001000000000000000000000000
00000001000000000000000000000000
00000001000000000000000000000000
00000001000000000000000000000000
00000001000000000000000000000000
00000001000000000000000000000000
00000001001111110000000000000000
00000001111100011000000000000000
00000001000000001100000000000000
00000000000000000100000000000000
00000000000000000100000000000000
00000000000000000100000000000000
00000000000000000100000000000000
00000001000000000100000000000000
00000001000000001100000000000000
00000001100000001000000000000000
00000000100011111000000000000000
00000000111110000000000000000000
00000000000000000000000000000000
00000000000000000000000000000000
00000000000000000000000000000000
00000000000000000000000000000000