4
00000000000000000000000000000000
00000000000000000000000000000000
00000000000000000000000000000000
00000000000000000000000000000000
00000000000000100000000000000000
00000000000000000000000000000000
00000001100000000000000000000000
00000011110000000000000000000000
00000011101000000000000000000000
00000011100000000000000000000000
00000001110000000000000000000000
00000001110000000000000000000000
00000000110000000000000000000000
00000000110000000000000000000000
00000000110000000000000000000000
00000000111000000000000000000000
00000000110000000011001000000000
00000000110000001111000000000000
00000000110000000110000000000000
00000000011011111111111111111000
00000000011111111111111110000001
00000000011011100110000000000000
00000000011000000111000000000000
00000000000011010111000000000000
00000000000000000111000000000000
00000000000000000010000000000000
00000000000000000010000000000000
00000000000000000000000000000000
00000000000000000100000000000000
00000000000000000000000000000000
00000000000000000000000000000000
00000000000000001000000000000000