5
00000000000000000000000000000000
00000000000000000000000000000000
00000000000000000000000000000000
00000000000000000000000000000000
00000000000000000000000000000000
00000001111111111111000000000000
00000001000000000000000000000000
00000000100000000000000000000000
00000000100000000000000000000000
00000000100000000000000000000000
00000000110000000000000000000000
00000000010000000000000000000000
00000000010000111111111000000000
00000000011111100000001000000000
00000000000000000000011000000000
00000000000000000000010000000000
00000000000000000000100000000000
00000000000000000011000000000000
00000000000000001110000000000000
00000000000001111000000000000000
00000000001111000000000000000000
00000000000000000000000000000000
00000000000000000000000000000000
00000000000000000000000000000000
00000000000000000000000000000000
00000000000000000000000000000000
00000000000000000000000000000000
00000000000000000000000000000000
00000000000000000000000000000000
00000000000000000000000000000000
00000000000000000000000000000000
00000000000000000000000000000000