5
00000000000000000000000000000000
00000000000000000000000000000000
00000000000000000000000000000000
00000000000000000000000000000000
00000000001111111111100000000000
00000000001000000000100000000000
00000000001000000000000000000000
00000000001000000000000000000000
00000000001000000000000000000000
00000000001000000000000000000000
00000000001000000000000000000000
00000000001000000000000000000000
00000000001000000000000000000000
00000000001000000000000000000000
00000000000100000000000000000000
00000000000100001111111000000000
00000000000100111000001100000000
00000000000111100000000100000000
00000000000010000000000110000000
00000000000000000000000010000000
00000000000000000000000010000000
00000000000000000000000110000000
00000000000000000000001100000000
00000000000000001111111000000000
00000000111111111000000000000000
00000000000000000000000000000000
00000000000000000000000000000000
00000000000000000000000000000000
00000000000000000000000000000000
00000000000000000000000000000000
00000000000000000000000000000000
00000000000000000000000000000000