0
00000000000000000000000000000000
00000000000000000000000000000000
00000000000000000000000000000000
00000000001111110000000000000000
00000000011000011100000000000000
00000000110000000110000000000000
00000000100000000010000000000000
00000001100000000001000000000000
00000001100000000001000000000000
00000001100000000001100000000000
00000001100000000001100000000000
00000001100000000001100000000000
00000001100000000000110000000000
00000001100000000000110000000000
00000001100000000000110000000000
00000001100000000000110000000000
00000001100000000000110000000000
00000001100000000000110000000000
00000001100000000000110000000000
00000000100000000000110000000000
00000000100000000000110000000000
00000000100000000000110000000000
00000000100000000000110000000000
00000000110000000001100000000000
00000000010000000001100000000000
00000000010000000001000000000000
00000000011000000011000000000000
00000000001000000110000000000000
00000000001100011000000000000000
00000000000111110000000000000000
00000000000000000000000000000000
00000000000000000000000000000000