3
00000000000000000000000000000000
00000000000000000000000000000000
00000000000000000000000000000000
00000000000000000000000000000000
00000000001111111110000000000000
00000000000000000011100000000000
00000000000000000000110000000000
00000000000000000000011000000000
00000000000000000000001100000000
00000000000000000000000100000000
00000000000000000000000100000000
00000000000000000000001000000000
00000000000000000000110000000000
00000000000000000001100000000000
00000000001111111111000000000000
00000000111000001110000000000000
00000001100000011001000000000000
00000001000001100000100000000000
00000001101110000000100000000000
00000000111000000000110000000000
00000000000000000000010000000000
00000000000000000000010000000000
00000000000000000000010000000000
00000000000000000001100000000000
00000000000000000011000000000000
00000000000000000110000000000000
00000000000000011000000000000000
00000000011111100000000000000000
00000000000000000000000000000000
00000000000000000000000000000000
00000000000000000000000000000000
00000000000000000000000000000000