5
00000000000000000000000000000000
00000000000000000000000000000000
00000000000000000000000000000000
00000000000000000000000000000000
00000000000000000000000000000000
00000000000000000000000000000000
00000000000000000000000000000000
00000000000001111111100000000000
00000000000011111111001000000000
00000000010110000000100100000000
00000000010110101110010000000000
00000000010111111110100100000000
00000000000101011011101000000000
00000000100001000011110100000000
00000000000001000100110000000000
00000000010000000010011000000000
00000000000000001000110000000000
00000000000100010011110000000000
00000000001111001111100000000000
00000000001111111110000000000000
00000000100000001000000000000000
00000000000000000000000000000000
00000000000000000100000000000000
00000000000000000100000000000000
00000000000000000000000000000000
00000000000000000000000000000000
00000000000000000000000000000000
00000000000000000000000000000000
00000000000000000000000000000000
00000000000000000000000000000000
00000000000000000000000000000000
00000000000000000000000000000000