4
00000000000000000000000000000000
00000000000000000000000000000000
00000000000000000000000000000000
00000000000000000000000000000000
00000000000000000000000000000000
00000001100000000000000000000000
00000001100000000000000000000000
00000001100000000110000000000000
00000001100000000110000000000000
00000001100000000110000000000000
00000001110000000110000000000000
00000000110000000110000000000000
00000000110000000110000000000000
00000000110000000110000000000000
00000000110000000110000000000000
00000000110000000110000000000000
00000000110000000110000000000000
00000000111000000110000000000000
00000000011000000111111110000000
00000000011111111111111111000000
00000000011111111111000000000000
00000000000000000011000000000000
00000000000000000011000000000000
00000000000000000011000000000000
00000000000000000011000000000000
00000000000000000011000000000000
00000000000000000011000000000000
00000000000000000011000000000000
00000000000000000011000000000000
00000000000000000011100000000000
00000000000000000001100000000000
00000000000000000000000000000000