4
00000000000000000000000000000000
00000000000000000000000000000000
00000000000000000000000000000000
00000111000000000000000000000000
00001111000000000000111000000000
00001111000000000000111000000000
00000111000000000000111000000000
00000111000000000000111000000000
00000111000000000000011000000000
00000111000000000000011000000000
00000111000000000000011000000000
00000111000000000000011100000000
00000110000000000000011100000000
00000111000000000000011100000000
00000111000000000000011100000000
00000111000000000110111110000000
00000111000000011111111110000000
00000111101111111111111110000000
00000111111111111111001110000000
00001111111111111110001110000000
00001111111110000000000110000000
00000000000000000000000111000000
00000000000000000000000111000000
00000000000000000000000111000000
00000000000000000000000111100000
00000000000000000000000011100000
00000000000000000000000011110000
00000000000000000000000001110000
00000000000000000000000000000000
00000000000000000000000000000000
00000000000000000000000000000000
00000000000000000000000000000000