1
00000000000000000000000000000000
00000000000000001100000000000000
00000000000000011100000000000000
00000000000000110100000000000000
00000000000001100100000000000000
00000000000011000100000000000000
00000000000110000100000000000000
00000000001100000100000000000000
00000000011000000100000000000000
00000000010000000100000000000000
00000000110000000100000000000000
00000000000000000100000000000000
00000000000000000100000000000000
00000000000000000100000000000000
00000000000000000100000000000000
00000000000000000100000000000000
00000000000000000100000000000000
00000000000000000100000000000000
00000000000000000100000000000000
00000000000000000100000000000000
00000000000000000100000000000000
00000000000000000100000000000000
00000000000000000100000000000000
00000000000000000100000000000000
00000000000000000100000000000000
00000000000000000100000000000000
00000000000000000100000000000000
00000000000000000100000000000000
00000000000000000100000000000000
00000000111111111111111111110000
00000000011111100000000000000000
00000000000000000000000000000000