3
00000000000000000000000000000000
00000000000000000000000000000000
00000000000000000000000000000000
00000011111111000000000000000000
00000110000001100000000000000000
00000000000000110000000000000000
00000000000000011000000000000000
00000000000000001100000000000000
00000000000000000100000000000000
00000000000000000100000000000000
00000000000000000100000000000000
00000000000000000100000000000000
00000000000000000100000000000000
00000000000000001100000000000000
00000000000000001000000000000000
00000000000000011000000000000000
00000000000000110000000000000000
00000000000001100000000000000000
00000000011111000000000000000000
00000000000111000000000000000000
00000000000001100000000000000000
00000000000000110000000000000000
00000000000000010000000000000000
00000000000000011000000000000000
00000000000000011000000000000000
00000000000000110000000000000000
00001100000001100000000000000000
00000111101111000000000000000000
00000000111000000000000000000000
00000000000000000000000000000000
00000000000000000000000000000000
00000000000000000000000000000000