9
00000000000000000000000000000000
00000000000000010000000000000000
00000000001111111111000000000000
00000000111111111111110000000000
00000011111111000111111110000000
00000111110000000000111110000000
00001111000000000000011110000000
00011110000000000000001110000000
00011100000000000000001110000000
00011100000000000000001110000000
00011100000000000000001111000000
00001110000000000000001111000000
00000111000000000000000111000000
00000111100000000000000111000000
00000011110000000000000111000000
00000001111100000000001111000000
00000000111110000000011111000000
00000000001111111111111111000000
00000000000111111111111111000000
00000000000001111111100111000000
00000000000000000000000111000000
00000000000000000000000111000000
00000000000000000000000111000000
00000000000000000000000011000000
00000000000000000000000011100000
00000000000000000000000011100000
00000000000000000000000011100000
00000000000000000000000001100000
00000000000000000000000000000000
00000000000000000000000000000000
00000000000000000000000000000000
00000000000000000000000000000000