8
00000000000000000000000000000000
00000000000000000000000000000000
00000000011111110000000000000000
00000001110000011100000000000000
00000001000000000100000000000000
00000001000000000100000000000000
00000001000000000100000000000000
00000001000000001100000000000000
00000001100000001000000000000000
00000000100000111000000000000000
00000000110001100000000000000000
00000000011011000000000000000000
00000000001110000000000000000000
00000000011100000000000000000000
00000000110100000000000000000000
00000001100110000000000000000000
00000011000011100000000000000000
00000010000001110000000000000000
00000010000001011100000000000000
00000110000000000100000000000000
00000110000000000100000000000000
00000010000000000100000000000000
00000011000000011100000000000000
00000001111111110000000000000000
00000000000000000000000000000000
00000000000000000000000000000000
00000000000000000000000000000000
00000000000000000000000000000000
00000000000000000000000000000000
00000000000000000000000000000000
00000000000000000000000000000000
00000000000000000000000000000000