4
00000000000000000000000000000000
00000000000000000000000000000000
00000000000000000000000000000000
00000000000000000000000000000000
00000000000000000000000000000000
00000000000000000000000000000000
00000000000000000000000000000000
00000000100000000000000000000000
00000001110000000000000100000000
00000001100000000000000000000000
00000001100000000000000000000000
00000001100000000000000000000000
00000001100000000000000000000000
00000001100000000000000000000000
00000001100000000110000000000000
00000001100000000110000000000000
00100001100000001100000000000000
00000001100000001100000000000000
00000001110000001100000010000000
00000001100001111111111111100000
00000001111111111111111111000000
00000001111010001100000000000000
00000000101000001100001000000000
00000000001000001101000000000000
00000000000000001100000000000000
00000000000000001100000000000000
00000000000000000100000000000000
00000000000000000000010000000000
00000000000000000001000000000000
00000000000000000000000000000000
00000000000000000000000000000000
00000000000000000100000000000000