1
00000000000000000000000000000000
00000000000000000000000000000000
00000000000000000000000000000000
00000000000001000000000000000000
00000000000011000000000000000000
00000000000111000000000000000000
00000000001101000000000000000000
00000000011001000000000000000000
00000000110001000000000000000000
00000001100001000000000000000000
00000011000001000000000000000000
00000000000001000000000000000000
00000000000001000000000000000000
00000000000001000000000000000000
00000000000001000000000000000000
00000000000001000000000000000000
00000000000001000000000000000000
00000000000001000000000000000000
00000000000001000000000000000000
00000000000001000000000000000000
00000000000001000000000000000000
00000000000001000000000000000000
00000000000001000000000000000000
00000000000001000000000000000000
00000000000001000111111110000000
00000000000011111000000000000000
00000011111110000000000000000000
00000000000000000000000000000000
00000000000000000000000000000000
00000000000000000000000000000000
00000000000000000000000000000000
00000000000000000000000000000000