3
00000000000000000001000000000000
00000000000000000000010000000000
00000000000000000100000000000000
00000000000000000011010000000000
00000000000000001000001000000000
00000000000000111111000000000000
00000000001111111111110000000000
00000000011111000001110100000000
00000000110000000000110000000000
00000000110000000001110000000000
00000000100000010111100000000000
00000000000100000111000000000000
00000000000000111000000000000000
00000000000011111111111000000000
00000000001111110100111111000000
00000000000000000001000111100000
00000000000000000000000011100010
00000000000000000000000001100000
00000000000000000000000001100000
00000000000000000000000011000000
00000000000000000000000011000000
00000000000000000000001111000000
00000000000000000000001110000000
00000000000000000000111100000000
00001011110000001111110000000000
01000001111111111111000000000000
01000000001111000000000000000000
00000100000000000000000000000000
00000000000000001100000000000000
00000000000000000000000000000000
00000000000000000000000000000000
00000000000000000000000000000000