4
00000000000000000000000000000000
00000000000000000000000000000000
00000000000000000000000000000000
00000000000000000000000000000000
00000000000000000000000111000000
00000000000000000000000111000000
00000000000000000000000111000000
00011100000000000000000111000000
00111100000000000000000111000000
00111100000000000000000111000000
00011100000000000000000111000000
00011110000000000000000111000000
00011110000000000000000111100000
00001110000000000000001111100000
00001110000000000000011111100000
00001110000000000001111111100000
00001110000000000011111111100000
00001111000000001111111111100000
00000111111111111111111111100000
00000111111111111111110011100000
00000011111111111100000001110000
00000001110000000000000001110000
00000000000000000000000001111000
00000000000000000000000000111000
00000000000000000000000000111000
00000000000000000000000000111100
00000000000000000000000000011100
00000000000000000000000000001000
00000000000000000000000000000000
00000000000000000000000000000000
00000000000000000000000000000000
00000000000000000000000000000000