0
00000000000000000000000000000000
00000000000000000000000000000000
00000000000000000000000000000000
00000000001011111100000000000000
00000000011111111110000000000000
00000000111110000111000000000000
00000001111000000011100000000000
00000011100000000001110000000000
00000111000000000000111000000000
00000110000000000000011000000000
00000110000000000000011100000000
00000110000000000000001100000000
00000110000000000000001100000000
00000110000000000000001100000000
00000110000000000000001100000000
00000110000000000000001100000000
00000110000000000000001100000000
00000110000000000000001100000000
00000110000000000000001100000000
00000111000000000000011100000000
00000011000000000000011000000000
00000011100000000000111000000000
00000001100000000001110000000000
00000001110000000111100000000000
00000000111000011111000000000000
00000000011111111100000000000000
00000000001111110000000000000000
00000000000000000000000000000000
00000000000000000000000000000000
00000000000000000000000000000000
00000000000000000000000000000000
00000000000000000000000000000000