4
00000000000000000000000000000000
00000000000000000000000000000000
00011100000000000000000000000000
00011110000000000000000000000000
00011110000000000000000000000000
00011110000000000000000000000000
00001110000111000000000000000000
00001110000111100000000000000000
00001110000111100000000000000000
00001110000111110000000000000000
00001110000011110000000000000000
00001110000001111000000000000000
00001110000001111100000000000000
00001110000000111100000000000000
00001110000000111100000000000000
00001110000000011100000000000000
00001110000000011100000000000000
00001111111111111111111111110000
00001111111111111111111111110000
00001111111111111111111111110000
00000000000000011100000000000000
00000000000000011100000000000000
00000000000000011100000000000000
00000000000000011100000000000000
00000000000000011100000000000000
00000000000000000000000000000000
00000000000000000000000000000000
00000000000000000000000000000000
00000000000000000000000000000000
00000000000000000000000000000000
00000000000000000000000000000000
00000000000000000000000000000000