8
00000000000000000000000000000000
00000000000000000000000000000000
00000000000000000000100000000000
00000000000000000011100000000000
00000000000001111111000000000000
00000000000011100011000000000000
00000000000110000111000000000000
00000000001100000110000000000000
00000000011000000100000000000000
00000000011000001100000000000000
00000000110000011100000000000000
00000000110000111000000000000000
00000000100000110000000000000000
00000000110001100000000000000000
00000000010011100000000000000000
00000000011111000000000000000000
00000000001110000000000000000000
00000000001111000000000000000000
00000000001111000000000000000000
00000000001001100000000000000000
00000000011000100000000000000000
00000000011000100000000000000000
00000000010000100000000000000000
00000000010000100000000000000000
00000000010001100000000000000000
00000000011111000000000000000000
00000000011000000000000000000000
00000000000000000000000000000000
00000000000000000000000000000000
00000000000000000000000000000000
00000000000000000000000000000000
00000000000000000000000000000000