4
00000000000000000000000000000000
00000000000000000000011000000000
00000000000000000000111100000000
00000000000000000000111100000000
00000000110000000000111100000000
00000001111000000000111100000000
00000001111000000000111100000000
00000001111000000000111100000000
00000001111000000000111100000000
00000001111000000000111100000000
00000001111000000000111100000000
00000001111000000000111100000000
00000001111000000000111100000000
00000001111111111111111100000000
00000001111111111111111100000000
00000001111111111111111100000000
00000000111111111111111100000000
00000000000000000000111100000000
00000000000000000000111100000000
00000000000000000000111100000000
00000000000000000000111100000000
00000000000000000000111100000000
00000000000000000000111100000000
00000000000000000000111100000000
00000000000000000000111100000000
00000000000000000000111100000000
00000000000000000000011000000000
00000000000000000000000000000000
00000000000000000000000000000000
00000000000000000000000000000000
00000000000000000000000000000000
00000000000000000000000000000000