5
00000000000000000000000000000000
00000000000000000000000000000000
00000000000000000000000000000000
00000000000000000000000000000000
00000000000000000000000000000000
00000000000000000000000000000000
00000000111100000000000000000000
00000000100111111111100000000000
00000000100000000000000000000000
00000000100000000000000000000000
00000000100000000000000000000000
00000000100000000000000000000000
00000000100000000000000000000000
00000000100000000000000000000000
00000000100000000000000000000000
00000000111111111100000000000000
00000000100000000111100000000000
00000000000000000000011000000000
00000000000000000000001000000000
00000000000000000000001000000000
00000000000000000000001000000000
00000000000000000000001000000000
00000000000000000000001000000000
00000000000000000000001000000000
00000000000000000000010000000000
00000000000000000000010000000000
00000001111110000001100000000000
00000000000011111111000000000000
00000000000000000000000000000000
00000000000000000000000000000000
00000000000000000000000000000000
00000000000000000000000000000000