8
00000000000000000000000000000000
00000000000000000000000000000000
00000000000000000000000000000000
00000000011111110000000000000000
00000000010000001111000000000000
00000000110000000001100000000000
00000000100000000000100000000000
00000000100000000000100000000000
00000000100000000000100000000000
00000000100000000000100000000000
00000000100000000000100000000000
00000000100000000001100000000000
00000000111000000110000000000000
00000000001100001100000000000000
00000000000111111000000000000000
00000000000001111111100000000000
00000000000011000000110000000000
00000000000110000000010000000000
00000000000100000000010000000000
00000000001000000000010000000000
00000000011000000000010000000000
00000000010000000000010000000000
00000000100000000000110000000000
00000000110000000001100000000000
00000000011000001111000000000000
00000000001111111000000000000000
00000000000000000000000000000000
00000000000000000000000000000000
00000000000000000000000000000000
00000000000000000000000000000000
00000000000000000000000000000000
00000000000000000000000000000000