1
00000000000000000000000000000000
00000000000000000000000000000000
00000000000000000110000000000000
00000000000000000110001000000000
00000000000000001111000000000000
00000000000000111111100000000000
00000000000000111011100000000000
00000000000000110011000000000000
00000000001001100011101000000000
00000000010001100001100000000000
00000000010011000001100000000000
00000000001011000001100000000000
00000000001110000001110000000000
00000000000110000001100000000000
00000000001100000001100000000000
00000000001110100001100000000000
00000000011000000001100000000000
00000000001000000001100000000000
00000000000001000001100000000000
00000000000000010001100000000000
00000000000100000001100000000000
00000000000001000001100000000000
00000000000000000001100000000000
00000000000000000001100000000000
00000000000000000000000000000000
00000000000000000000000000000000
00000000000000000000000000000000
00000000000000000000000000000000
00000000000000000000000000000000
00000000000000000000000000000000
00000000000000000000000000000000
00000000000000000000000000000000