9
00000000000000000000000000000000
00000000000000000000000000000000
00000000000000000000000000000000
00000000000000000000000000000000
00000000000000000000000000000000
00000000011111111000000000000000
00000000010000001100000000000000
00000000010000000100000000000000
00000000010000000100000000000000
00000000010000000100000000000000
00000000011000000100000000000000
00000000001100000100000000000000
00000000000110000100000000000000
00000000000001100100000000000000
00000000000000111100000000000000
00000000000000000110000000000000
00000000000000000100000000000000
00000000000000000100000000000000
00000000000000000100000000000000
00000000000000000010000000000000
00000000000000000010000000000000
00000000000000000010000000000000
00000000000000000010000000000000
00000000000000000010000000000000
00000000000000000010000000000000
00000000000000000010000000000000
00000000000000000110000000000000
00000000000000000100000000000000
00000000000000000000000000000000
00000000000000000000000000000000
00000000000000000000000000000000
00000000000000000000000000000000