2
00000000000000000000000100000000
00000000000000001000011000000000
00000000000000000000000100000000
00000000000000000100110000000000
00000000000000010000001000000000
00000000000001111111100000000000
00000000010011110111111000000000
00000000010011000000011100000000
00000000010110000010011100000000
00000000000110000000001110100000
00000000001100000000000110000010
00000000101101000000000110000010
00000000001100000000000110000010
00000000001000000000000110000000
00000000000000000000000110000000
00000000000000000000001110000000
00000000000001000000000100000000
00000000000000010000001100000000
00000000000010000010001100000000
00000000010000100010011000000000
00000000000100000101011000000000
00000000100101000000111000000000
00000000001111101011110000000000
00000000011011111101100100000000
00000000011100001111000000000000
00000000101111111011111000000000
00000000000111110110111000000000
00000000010000101000001100000000
00000000000000000011000000000000
00000000000000011000000000000000
00000000000000000000000000000000
00000000000100000000000000000000