2
00000000000000000000000000000000
00000000000000000000000000000000
00000000000000000000000000000000
00000000111111100000000000000000
00000011100000110000000000000000
00000110000000011000000000000000
00000100000000001000000000000000
00001100000000001000000000000000
00001000000000001100000000000000
00000000000000000100000000000000
00000000000000000100000000000000
00000000000000000100000000000000
00000000000000000100000000000000
00000000000000001100000000000000
00000000000000001000000000000000
00000000000000001000000000000000
00000000000000011000000000000000
00000000000000010000000000000000
00000000000000110000000000000000
00000000000001100000000000000000
00000000000001000000000000000000
00000000000010000000000000000000
00000000001110000000000000000000
00000000111000000000000000000000
00000011111110000000000000000000
00000000000001111111111110000000
00000000000000000000000000000000
00000000000000000000000000000000
00000000000000000000000000000000
00000000000000000000000000000000
00000000000000000000000000000000
00000000000000000000000000000000