9
00000000000000000000000000000000
00000000000000000000000000000000
00000000000000000000000000000000
00000000000000000000000000000000
00000000000000011111000000000000
00000000000001111111110000000000
00000000000011110000111000000000
00000000000111000000011000000000
00000000001110000000011000000000
00000000011100000000011000000000
00000000111000000000011000000000
00000001110000000000011000000000
00000001100000000000111100000000
00000001100000000000111100000000
00000011000000000000111100000000
00000011000000000001101100000000
00000011000000000011101100000000
00000001100000000111001100000000
00000001110000001110001100000000
00000000111100111100001100000000
00000000011111110000001100000000
00000000000000000000001100000000
00000000000000000000001100000000
00000000000000000000001100000000
00000000000000000000001100000000
00000000000000000000001100000000
00000000000000000000001100000000
00000000000000000000001100000000
00000000000000000000001100000000
00000000000000000000000000000000
00000000000000000000000000000000
00000000000000000000000000000000