8
00000000000000000000000000000000
00000000000000000000000000000000
00000000000000000000000000000000
00000000000000000000000000000000
00000000000000000000000000000000
00000000000011111111110000000000
00000000000111111111111000000000
00000000001111111111111000000000
00000000001111111111110000000000
00000000001111000111100000000000
00000000001111000111100000000000
00000000001111001111100000000000
00000000001111111111100000000000
00000000000111111111000000000000
00000000000011111110000000000000
00000000000111111111000000000000
00000000001111111111100000000000
00000000001111101111110000000000
00000000001111000111111000000000
00000000001111000011111000000000
00000000001111000001111000000000
00000000001111000111111000000000
00000000001111011111111000000000
00000000001111111111110000000000
00000000000111111111000000000000
00000000000111111100000000000000
00000000000011110000000000000000
00000000000000000000000000000000
00000000000000000000000000000000
00000000000000000000000000000000
00000000000000000000000000000000
00000000000000000000000000000000