4
00000000000000000000000000000000
00000000000000000000000000000000
00000000000000000000000000000000
00000000000000000000000000000000
00000000000000000000000000000000
00000011100000001110000000000000
00000011110000001110000000000000
00000011110000001111000000000000
00000011110000001111000000000000
00000001110000000111000000000000
00000001111000000111100000000000
00000001111000000111100000000000
00000001111100000011110000000000
00000000111110000011110000000000
00000000111110000011110000000000
00000000011111111111110000000000
00000000001111111111110000000000
00000000001111111111110000000000
00000000000000000001110000000000
00000000000000000001110000000000
00000000000000000001110000000000
00000000000000000001110000000000
00000000000000000001110000000000
00000000000000000001110000000000
00000000000000000001110000000000
00000000000000000001110000000000
00000000000000000001110000000000
00000000000000000000000000000000
00000000000000000000000000000000
00000000000000000000000000000000
00000000000000000000000000000000
00000000000000000000000000000000