4
00000000000000000000000000000000
00000000000000000000000000000000
00000000000000000000011100000000
00001110000000000000011100000000
00001110000000000000011100000000
00001110000000000000011100000000
00001110000000000000011100000000
00001110000000000000011100000000
00001110000000000000011100000000
00001110000000000000011100000000
00001110000000000000011100000000
00001111000000000000011100000000
00001111000000000000011111100000
00001111111111111111111111100000
00000111111111111111111111100000
00000111111111111111111100000000
00000000000000000000011110000000
00000000000000000000011110000000
00000000000000000000001110000000
00000000000000000000001110000000
00000000000000000000001110000000
00000000000000000000001110000000
00000000000000000000001110000000
00000000000000000000001110000000
00000000000000000000001110000000
00000000000000000000001110000000
00000000000000000000001110000000
00000000000000000000001110000000
00000000000000000000001110000000
00000000000000000000001110000000
00000000000000000000000000000000
00000000000000000000000000000000