7
11111111111111111111111111111111
11111111111111111111111111111111
00000000000000000000000000000000
00000001111110000000000000000000
00000001111111111100000000000000
00000001111111111111100000000000
00000000001111111111100000000000
00000000000000011111100000000000
00000000000000000011100000000000
00000000000000000011100000000000
00000000000000000011100000000000
00000000000001111111100000000000
00000000000001111111111100000000
00000000000001111111111100000000
00000000000000011111111100000000
00000000000000000011100000000000
00000000000000000011100000000000
00000000000000000011100000000000
00000000000000000011100000000000
00000000000000000011100000000000
00000000000000000011100000000000
00000000000000000011100000000000
00000000000000000011100000000000
00000000000000000011100000000000
00000000000000000011100000000000
00000000000000000011100000000000
00000000000000000011100000000000
00000000000000000011100000000000
00000000000000000011100000000000
00000000000000000011100000000000
00000000000000000011100000000000
00000000000000000011100000000000