3
00000000000000000000000000000000
00000000000000000000000000000000
00000000000000000000000000000000
00000000000000000000000100000000
00000000111111111111111111100000
00000000000000000000000001100000
00000000000000000000000011000000
00000000000000000000000110000000
00000000000000000000001100000000
00000000000000000000011000000000
00000000000000000000110000000000
00000000000000000001100000000000
00000000000000000111000000000000
00000000000000001100000000000000
00000000000000011000000000000000
00000000000000110000000000000000
00000000000001100110000000000000
00000000000001111110000000000000
00000000000000000011110000000000
00000000000000000000011000000000
00000000000000000000001100000000
00000000000000000000000100000000
00000000000000000000000110000000
00000000000000000000000010000000
00000000000000000000000010000000
00000000000000000000000010000000
00000000010000000000000010000000
00000000011000000000010110000000
00000000001100000000000100000000
00000000000111000000001110000000
00000000000001111111111000000000
00000000000000000000000000000000