2
00000000000000000000000000000000
00000000000000000000000000000000
00000000000000000000000000000000
00000000000000000000000000000000
00000000000001111110000000000000
00000000000111000011000000000000
00000000001100000001100000000000
00000000110000000000100000000000
00000000100000000000100000000000
00000000000000000000100000000000
00000000000000000000100000000000
00000000000000000000100000000000
00000000000000000001100000000000
00000000000000000001000000000000
00000000000000000011000000000000
00000000000000000010000000000000
00000000000000000100000000000000
00000000000000001100000000000000
00000000000000011000000000000000
00000000000000110000000000000000
00000000000001100000000000000000
00000000000011000000000000000000
00000000001110000000000000000000
00000000011000000000000000000000
00000000011111100111110000000000
00000000000000111100000000000000
00000000000000000000000000000000
00000000000000000000000000000000
00000000000000000000000000000000
00000000000000000000000000000000
00000000000000000000000000000000
00000000000000000000000000000000