2
00000000000000000000000000000000
00000000000000000000000000000000
00000000000011110000000000000000
00000000111111111110000000000000
00000011111111111111100000000000
00000111111100000111100000000000
00001111000000000001110000000000
00001110000000000001110000000000
00000100000000000001110000000000
00000000000000000001110000000000
00000000000000000011100000000000
00000000000000000111100000000000
00000000000000000111000000000000
00000000000000001111000000000000
00000000000000011110000000000000
00000000000000111100000000000000
00000000000001111000000000000000
00000000000001110000000000000000
00000000000011100000000000000000
00000000000111100000000000000000
00000000001111000000000000000000
00000000001110000000000000000000
00000000011100000000000000000000
00000000111100000000000000000000
00000001111000000000000000000000
00000011110000000000000000000000
00000011111111111111111110000000
00000111111111111111111111000000
00000111111111111111111110000000
00000010000000000000000000000000
00000000000000000000000000000000
00000000000000000000000000000000