5
00000000000000000000000000000000
00000000000000000000000000000000
00000000000000000000000000000000
00000000000000000000000000000000
00000000111111111111000000000000
00000001100000000000000000000000
00000000100000000000000000000000
00000001101111111110000000000000
00000001111000000010000000000000
00000001100000000010000000000000
00000000000000000010000000000000
00000000000000000010000000000000
00000000000000000001000000000000
00000000000000000001000000000000
00000000000000000011000000000000
00000000000000000010000000000000
00000010000000000010000000000000
00000010000000000110000000000000
00000011000000000100000000000000
00000001100000001100000000000000
00000000110000011000000000000000
00000000011111110000000000000000
00000000000000000000000000000000
00000000000000000000000000000000
00000000000000000000000000000000
00000000000000000000000000000000
00000000000000000000000000000000
00000000000000000000000000000000
00000000000000000000000000000000
00000000000000000000000000000000
00000000000000000000000000000000
00000000000000000000000000000000