5
00000000000000000000000000000000
00000000011111111111111110000000
00000000010000000000000000000000
00000000011000000000000000000000
00000000001000000000000000000000
00000000001000000000000000000000
00000000001000000000000000000000
00000000001000000000000000000000
00000000001000000000000000000000
00000000001000000000000000000000
00000000001000000000000000000000
00000000001000000000000000000000
00000000001000000000000000000000
00000000001111111111100000000000
00000000001000000000111100000000
00000000000000000000000110000000
00000000000000000000000010000000
00000000000000000000000110000000
00000000000000000000000100000000
00000000000000000000000100000000
00000000000000000000001100000000
00000000000000000000001000000000
00000000000000000000110000000000
00000000000000000011100000000000
00000000000000011110000000000000
00000000001111110000000000000000
00000001111000000000000000000000
00000000000000000000000000000000
00000000000000000000000000000000
00000000000000000000000000000000
00000000000000000000000000000000
00000000000000000000000000000000