1
00000000000000000000000000000000
00000000000000000000000000000000
00000000000000000000000000000000
00000000000000000000000000000000
00000000000000000000000000000000
00000000000000000000000000000000
00000000000011000000000000000000
00000000000111000000000000000000
00000000000111000000000000000000
00000000001111000000000000000000
00000000011010000000000000000000
00000000011010000000000000000000
00000000110010000000000000000000
00000001100010000000000000000000
00000000000010000000000000000000
00000000000010000000000000000000
00000000000010000000000000000000
00000000000010000000000000000000
00000000000010000000000000000000
00000000000110000000000000000000
00000000000110010000000000000000
00000000111111110000000000000000
00000000000000000000000000000000
00000000000000000000000000000000
00000000000000000000000000000000
00000000000000000000000000000000
00000000000000000000000000000000
00000000000000000000000000000000
00000000000000000000000000000000
00000000000000000000000000000000
00000000000000000000000000000000
00000000000000000000000000000000