0
00000000000000000000000000000000
00000000000000000000000000000000
00000000000000000000000000000000
00000000000000000000000000000000
00000000000000000000000000000000
00000000000000000000000000000000
00000000000000000000000000000000
00000000000000000000000000000000
00000000001111111000000000000000
00000000001100000110000000000000
00000000011000000011000000000000
00000000010000000001000000000000
00000000100000000001000000000000
00000000100000000001100000000000
00000000100000000000100000000000
00000000100000000000100000000000
00000000100000000000100000000000
00000000100000000001100000000000
00000000100000000001000000000000
00000000100000000001000000000000
00000000011000000011000000000000
00000000001111111110000000000000
00000000000000000000000000000000
00000000000000000000000000000000
00000000000000000000000000000000
00000000000000000000000000000000
00000000000000000000000000000000
00000000000000000000000000000000
00000000000000000000000000000000
00000000000000000000000000000000
00000000000000000000000000000000
00000000000000000000000000000000