8
00000000000000000000000000000000
00000000000000000000000000000000
00000000000000000000000000000000
00000000000000000000000000000000
00000000000000000000000000000000
00000000000000011110000000000000
00000000000001111111000000000000
00000000000111100011100000000000
00000000000111000001110000000000
00000000001100000000111000000000
00000000001100000000011000000000
00000000001000000000011000000000
00000000001000000000001100000000
00000000001100000000011100000000
00000000001100000000011000000000
00000000000111000001111000000000
00000000000111111111110000000000
00000000000011111111110000000000
00000000001111100000111000000000
00000000011100000000011100000000
00000000011000000000001100000000
00000000110000000000001110000000
00000000110000000000000110000000
00000000110000000000000110000000
00000000111000000000011100000000
00000000011000000000111100000000
00000000011111111111110000000000
00000000000111111111000000000000
00000000000000000000000000000000
00000000000000000000000000000000
00000000000000000000000000000000
00000000000000000000000000000000