2
00000000000000000000000000000000
00000000000000000000000000000000
00000000000000000000000000000000
00000000000000000000000000000000
00000000000000000000000000000000
00000001111000000000000000000000
00000001111110000000000000000000
00000001111111100000000000000000
00000000111111110000000000000000
00000000001111110000000000000000
00000000000001111100000000000000
00000000000001111100000000000000
00000000000000111100000000000000
00000000000000011100000000000000
00000000000000011100000000000000
00000000000000011100000000000000
00000000000000011100000000000000
00000000000000011100000000000000
00000000000000111100000000000000
00000000000000111100000000000000
00000000000001111100000000000000
00000000001111111000000000000000
00000000011111111000000000000000
00000000011111111111000000000000
00000000011111111111111111100000
00000000011111111111111111100000
00000000000000000111111111100000
00000000000000000000000000000000
00000000000000000000000000000000
00000000000000000000000000000000
00000000000000000000000000000000
00000000000000000000000000000000