9
00000000000000000000000000000000
00000000000000000000000000000000
00000000000000000000000000000000
00000000000000000000001100000000
00000000000000000111100000000000
00000000000001111111111000000000
00000000001111110001111000000000
00000000011110000101100100000000
00000000110000000001100000000000
00010011000000000011100000000000
00000011011000000111100000000000
00000111000010001111100000000000
00010011110000111111100000000000
00000001111111110001100000000000
00000100001000000001101000000000
00000000000000000111000000000000
00000000000000000011000000000000
00000000000000001011000000000000
00000000000000000011000000000000
00000000000000000110000000000000
00000000000000000110000000000000
00000000000000000110000000000000
00000000000000000010000000000000
00000000000000000001000000000000
00000000000000000000000000000000
00000000000000000000000000000000
00000000000000000000000000000000
00000000000000000000000000000000
00000000000000000000000000000000
00000000000000000000000000000000
00000000000000000000000000000000
00000000000000000000000000000000