8
00000000000000000000000000000000
00000000000000000000000000000000
00000000000000000000000000000000
00000000000000000000000000000000
00000000000000000000000000000000
00000000001111110000000000000000
00000000011000001100000000000000
00000000010000000010000000000000
00000000010000000010000000000000
00000000010000000110000000000000
00000000011000001100000000000000
00000000001100011000000000000000
00000000000110110000000000000000
00000000000011110000000000000000
00000000000001011110000000000000
00000000000011000011100000000000
00000000000010000000100000000000
00000000000100000000110000000000
00000000001100000000010000000000
00000000011000000000011000000000
00000000110000000000001000000000
00000000100000000000001000000000
00000000100000000000001000000000
00000000100000000000001000000000
00000000110000000000010000000000
00000000011100000001110000000000
00000000000111111110000000000000
00000000000000000000000000000000
00000000000000000000000000000000
00000000000000000000000000000000
00000000000000000000000000000000
00000000000000000000000000000000