4
00000000000000000000000000000000
00000000000000000000000000000000
00000000000000000000000000000000
00000000000000000000000000000000
00000000000000000000000000000000
00000000100000000010000000000000
00000000100000000010000000000000
00000000100000000010000000000000
00000000100000000010000000000000
00000000100000000010000000000000
00000000100000000011000000000000
00000000100000000011000000000000
00000000100000000011000000000000
00000000100000000011000000000000
00000000111111111111000000000000
00000001100000000010000000000000
00000000000000000010000000000000
00000000000000000010000000000000
00000000000000000010000000000000
00000000000000000010000000000000
00000000000000000010000000000000
00000000000000000010000000000000
00000000000000000010000000000000
00000000000000000010000000000000
00000000000000000010000000000000
00000000000000000000000000000000
00000000000000000000000000000000
00000000000000000000000000000000
00000000000000000000000000000000
00000000000000000000000000000000
00000000000000000000000000000000
00000000000000000000000000000000