1
00000000000000000000000000000000
00000000000000000000000000000000
00000000000000100000000000000000
00000000000011110000000000000000
00000000001111110000000000000000
00000000111111110000000000000000
00000111111101110000000000000000
00001111110001110000000000000000
00011111000000110000000000000000
00001100000000111000000000000000
00000000000000111000000000000000
00000000000000111000000000000000
00000000000000111000000000000000
00000000000000111000000000000000
00000000000000111000000000000000
00000000000000111000000000000000
00000000000001110000000000000000
00000000000001110000000000000000
00000000000001110000000000000000
00000000000001110000000000000000
00000000000001110000000000000000
00000000000001100000000000000000
00000000000011100000000000000000
00000000000011100000000000000000
00000000000011100000000000000000
00000000000011100000000000000000
00000000000011100000000000000000
00000011111111111111111110000000
00000111111111111111111110000000
00000011111111111111111110000000
00000000000000000000000000000000
00000000000000000000000000000000