6
00000000000000000000000000000000
00000000000000000000000000000000
00000000000000000011000000000000
00000000000000000110000000000000
00000000000000000100000000000000
00000000000000001100000000000000
00000000000000001000000000000000
00000000000000011000000000000000
00000000000000010000000000000000
00000000000000110000000000000000
00000000000000100000000000000000
00000000000000100000000000000000
00000000000001100000000000000000
00000000000001000000000000000000
00000000000011000000000000000000
00000000000110000000000000000000
00000000000100000000000000000000
00000000001100000000000000000000
00000000011111111111000000000000
00000000011100000001100000000000
00000000110000000000100000000000
00000000100000000000110000000000
00000000100000000000010000000000
00000001100000000000110000000000
00000001000000000000100000000000
00000001000000000000100000000000
00000001100000000001100000000000
00000000110000001111000000000000
00000000011111111000000000000000
00000000000000000000000000000000
00000000000000000000000000000000
00000000000000000000000000000000