8
00000000000000000000000000000000
00000000000000000000000000000000
00000000000000000000000000000000
00000000000000000000000000000000
00000000000000000000000000000000
00000000000000011111111100000000
00000000000001111111111111000000
00000000000111111111111111100000
00000000001111111100011111100000
00000000001111110000000111110000
00000000001111000000000111110000
00000000001111000000111111110000
00000000001111100111111111100000
00000000001111111111111111000000
00000000000111111111111000000000
00000000001111111111000000000000
00000000011111111111100000000000
00000000011111101111110000000000
00000000111110000111111000000000
00000000111110000011111000000000
00000000111110000001111000000000
00000000011110000001111000000000
00000000011110000001111000000000
00000000011111000011111000000000
00000000011111111111110000000000
00000000001111111111110000000000
00000000000111111111100000000000
00000000000000111111000000000000
00000000000000000000000000000000
00000000000000000000000000000000
00000000000000000000000000000000
00000000000000000000000000000000