2
00000000000000000000000000000000
00000000000000000000000000000000
00000000000000000000000000000000
00000000000000000000000000000000
00000000000000000000000000000000
00000000000000000000000000000000
00000000000000000000000000000000
00000000000000000000000000000000
00001111111111111110000000000000
00001111111111111110000000000000
00001111111111111110000000000000
00001110000000001110000000000000
00001110000000001110000000000000
00001110000000001110000000000000
00000000000000001110000000000000
00000000000000001110000000000000
00000000000000001110000000000000
00000000000000011110000000000000
00000000000000011110000000000000
00000000000001111100000000000000
00000000000011111100000000000000
00000000000011111100000000000000
00000001111111110000000000000000
00000001111111100000000000000000
00001111111111100000000000000000
01111111111111111111111111000000
01111111111111111111111111000000
01111111111111111111111111000000
00000000000000000000000000000000
00000000000000000000000000000000
00000000000000000000000000000000
00000000000000000000000000000000