5
00000000000000000000000000000000
00000000000000000000000000000000
00000000000000000011110000000000
00000001111111111110000000000000
00000000100000000000000000000000
00000000100000000000000000000000
00000000100000000000000000000000
00000000100000000000000000000000
00000000111111111111100000000000
00000000100000000000100000000000
00000000100000000000100000000000
00000000000000000000100000000000
00000000000000000000100000000000
00000000000000000000100000000000
00000000000000000000100000000000
00000000000000000000100000000000
00000011000000000001100000000000
00000110000000000001000000000000
00000100000000000001000000000000
00000110000000000011000000000000
00000011000000000110000000000000
00000001100000001100000000000000
00000000111111111000000000000000
00000000000000000000000000000000
00000000000000000000000000000000
00000000000000000000000000000000
00000000000000000000000000000000
00000000000000000000000000000000
00000000000000000000000000000000
00000000000000000000000000000000
00000000000000000000000000000000
00000000000000000000000000000000