0
00000000000000000000000000000000
00000000000000000000000000000000
00000000000000000000000000000000
00000000000000000000000000000000
00000000000000000000000000000000
00000000011111111111100000000000
00000000011111111111100000000000
00000001111111111111100000000000
00000001111100000011111100000000
00000001111100000011111100000000
00000011110000000011111100000000
00001111110000000000011100000000
00001111110000000000011100000000
00001111100000000000011100000000
00001110000000000000011100000000
00001110000000000000011100000000
00001110000000000000011100000000
00001110000000000000011100000000
00001110000000000000011100000000
00001110000000000000011100000000
00001110000000000000011100000000
00001110000000000000011100000000
00001111100000000000111100000000
00001111100000000000111100000000
00001111100000000000111100000000
00000011111100000011111000000000
00000011111110000011111000000000
00000001111111111111111000000000
00000000011111111111100000000000
00000000001111111111100000000000
00000000000000000000000000000000
00000000000000000000000000000000