3
00000000000000000000000000000000
00000000000000000000000000000000
00000000000000000000000000000000
00000000000000000000000000000000
00000000000000000000000000000000
00000000000001111111000000000000
00000000000110000001110000000000
00000000000000000000010000000000
00000000000000000000010000000000
00000000000000000000010000000000
00000000000000000000010000000000
00000000000000000000110000000000
00000000000000000000100000000000
00000000000000111111100000000000
00000000000001111110011100000000
00000000000000000000000100000000
00000000000000000000000110000000
00000000000000000000000010000000
00000000000000000000000110000000
00000000000000000000000100000000
00000000000000000000000100000000
00000000011000000000001100000000
00000000011000000000011000000000
00000000001110000000110000000000
00000000000011111111100000000000
00000000000000000000000000000000
00000000000000000000000000000000
00000000000000000000000000000000
00000000000000000000000000000000
00000000000000000000000000000000
00000000000000000000000000000000
00000000000000000000000000000000