1
00000000000000000000000000000000
00000000000000000000000000000000
00000000000000000000000000000000
00000000000001111000000000000000
00000000000001111000000000000000
00000000000011111000000000000000
00000000000111111000000000000000
00000000001111111000000000000000
00000000011111110000000000000000
00000001111111110000000000000000
00000001111111110000000000000000
00000001111101110000000000000000
00000001110001110000000000000000
00000000000001110000000000000000
00000000000001110000000000000000
00000000000001111000000000000000
00000000000001111000000000000000
00000000000001111000000000000000
00000000000000111000000000000000
00000000000000111000000000000000
00000000000000111000000000000000
00000000000000111000000000000000
00000000000000111000000000000000
00000000000000111000000000000000
00000000000000111000000000000000
00000001111111111000000000000000
00000111111111111111111111000000
00000111111111111111111111000000
00000111111111111111111111000000
00000000000000000000000000000000
00000000000000000000000000000000
00000000000000000000000000000000