1
00000000000000000000000000000000
00000000000000000000000000000000
00000000000000110000000000000000
00000000000000110000000000000000
00000000000001110000000000000000
00000000000001010000000000000000
00000000000010010000000000000000
00000000000010010000000000000000
00000000000010010000000000000000
00000000000100010000000000000000
00000000000100010000000000000000
00000000011000010000000000000000
00000000010000010000000000000000
00000000000000010000000000000000
00000000000000010000000000000000
00000000000000010000000000000000
00000000000000010000000000000000
00000000000000010000000000000000
00000000000000010000000000000000
00000000000000010000000000000000
00000000000000001000000000000000
00000000000000001000000000000000
00000000000000001000000000000000
00000000000000001000000000000000
00000000000000001000000000000000
00000000000000001000000000000000
00000000000000001000000000000000
00000000000000001000000000000000
00000000000000000000000000000000
00000000000000000000000000000000
00000000000000000000000000000000
00000000000000000000000000000000