7
00000000000000000000000000000000
00000000000000000000000000000000
00000000000000000000000000000000
00000000000000000000000000000000
00000000000000000000000000000000
00000000000000000000000000000000
00000001111111111111111110000000
00000000000000000000000100000000
00000000000000000000000100000000
00000000000000000000000100000000
00000000000000000000001000000000
00000000000000000000010000000000
00000000000000000000010000000000
00000000000000000000100000000000
00000000000000000000100000000000
00000000000000000001000000000000
00000000000000000010000000000000
00000000000000000100000000000000
00000000000000000100000000000000
00000000000000001000000000000000
00000000000000001000000000000000
00000000000000010000000000000000
00000000000000010000000000000000
00000000000000100000000000000000
00000000000001000000000000000000
00000000000001000000000000000000
00000000000010000000000000000000
00000000000010000000000000000000
00000000000100000000000000000000
00000000001100000000000000000000
00000000001000000000000000000000
00000000000000000000000000000000