7
00000000000000000000000000000000
00000000000000000000000000000000
00000000000000000000000000000000
00000000000000000000000000000000
00000000000000000000000000000000
00000000000000000000000000000000
00000000000000000011100000000000
00000001111111111111100000000000
00000001111111000001100000000000
00000000000000000001000000000000
00000000000000000010000000000000
00000000000000000110000000000000
00000000000000001100000000000000
00000000000000001000000000000000
00000000000000011000000000000000
00000000000000110000000000000000
00000000000000111111100000000000
00000001111111111111100000000000
00000000000001000000000000000000
00000000000010000000000000000000
00000000000110000000000000000000
00000000000100000000000000000000
00000000001100000000000000000000
00000000011000000000000000000000
00000000010000000000000000000000
00000000100000000000000000000000
00000001100000000000000000000000
00000011000000000000000000000000
00000000000000000000000000000000
00000000000000000000000000000000
00000000000000000000000000000000
00000000000000000000000000000000