9
00000000000000000000000000000000
00000000000000000000000000000000
00000000000000000000000000000000
00000000000000000000000000000000
00000000000000000000000000000000
00000000011111111111000000000000
00000001110000000001000000000000
00000001100000000000100000000000
00000011000000000000110000000000
00000010000000000000110000000000
00000010000000000000010000000000
00000010000000000000110000000000
00000010000000000000100000000000
00000011000000000000100000000000
00000001100000000001100000000000
00000000111000000011100000000000
00000000001111111110100000000000
00000000000000000000100000000000
00000000000000000001100000000000
00000000000000000001000000000000
00000000000000000001000000000000
00000000000000000011000000000000
00000000000000000010000000000000
00000000000000000110000000000000
00000000000000001100000000000000
00000000000000001000000000000000
00000000000000111000000000000000
00000000000011100000000000000000
00000000011110000000000000000000
00000001110000000000000000000000
00000000000000000000000000000000
00000000000000000000000000000000