8
00000000000000000000000000000000
00000000000000000000000000000000
00000000000000000000000000000000
00000000000000011100000000000000
00000000000001111111000000000000
00000000000011100011100000000000
00000000001111000001110000000000
00000000011110000000111000000000
00000000011000000000011100000000
00000000111000000000001100000000
00000000110000000000001100000000
00000000110000000000001100000000
00000000110000000000001100000000
00000000111000000000001100000000
00000000011100000000011100000000
00000000001110000000111000000000
00000000000111110111110000000000
00000000000111111111110000000000
00000000001100000000110000000000
00000000011100000000011000000000
00000000011000000000011000000000
00000000011000000000011000000000
00000000010000000000001000000000
00000000010000000000011000000000
00000000011000000000011000000000
00000000011100000000111000000000
00000000001110000001110000000000
00000000000111110011100000000000
00000000000001111111000000000000
00000000000000001110000000000000
00000000000000000000000000000000
00000000000000000000000000000000