9
00000000000000000000000000000000
00000000000000000000000000000000
00000000000000000000000000000000
00000000000111110000000000000000
00000000000100001110000000000000
00000000001100000110000000000000
00000000011000000010000000000000
00000000010000000010000000000000
00000000010000000011000000000000
00000000110000000011000000000000
00000000100000000011000000000000
00000000100000000011000000000000
00000000100000000010000000000000
00000000110000000111000000000000
00000000001100011101000000000000
00000000000111110001000000000000
00000000000000000001000000000000
00000000000000000001000000000000
00000000000000000001000000000000
00000000000000000001000000000000
00000000000000000001000000000000
00000000000000000001000000000000
00000000000000000001000000000000
00000000000000000001000000000000
00000000000000000001000000000000
00000000000000000001000000000000
00000000000000000001000000000000
00000000000000000001000000000000
00000000000000000000000000000000
00000000000000000000000000000000
00000000000000000000000000000000
00000000000000000000000000000000