1
00000000000000000000000000000000
00000000000000000000000000000000
00000000000000000000000000000000
00000000000000000000000000000000
00000000000000000000000000000000
00000000000000000000000000000000
00000000000000111000000000000000
00000000000001101000000000000000
00000000000110001000000000000000
00000000011000011000000000000000
00000000110000010000000000000000
00000000000000010000000000000000
00000000000000010000000000000000
00000000000000010000000000000000
00000000000000010000000000000000
00000000000000100000000000000000
00000000000000100000000000000000
00000000000000100000000000000000
00000000000000100000000000000000
00000000000000100000000000000000
00000000000000100000000000000000
00000000000000100000000000000000
00000000000000100000000000000000
00000000000000100000000000000000
00000000000000100000000000000000
00000000001111111111110000000000
00000000000000000000000000000000
00000000000000000000000000000000
00000000000000000000000000000000
00000000000000000000000000000000
00000000000000000000000000000000
00000000000000000000000000000000