6
00000000000000000000000000000000
00000000000000000000000000000000
00000000000000000000111000000000
00000000000000000011100000000000
00000000000000001100000000000000
00000000000000111000000000000000
00000000000001100000000000000000
00000000000011000000000000000000
00000000000110000000000000000000
00000000000100000000000000000000
00000000001100000000000000000000
00000000001000000000000000000000
00000000001000000000000000000000
00000000001000000000000000000000
00000000011000000000000000000000
00000000010000000000000000000000
00000000010000000000000000000000
00000000010011111111111000000000
00000000011110000000001100000000
00000000011000000000000100000000
00000000010000000000000100000000
00000000100000000000000100000000
00000000100000000000000100000000
00000000100000000000000100000000
00000000010000000000000100000000
00000000011000000000001100000000
00000000001110000000001000000000
00000000000011111001111000000000
00000000000000001111000000000000
00000000000000000000000000000000
00000000000000000000000000000000
00000000000000000000000000000000