6
00000000000000000000000000000000
00000000000000000000000000000000
00000000000000000000000000000000
00000000001110000000000000000000
00000000001110000000000000000000
00000000001110000000000000000000
00000000001110000000000000000000
00000000001110000000000000000000
00000000001110000000000000000000
00000000001110000000000000000000
00000000001110000000000000000000
00000000001110000000000000000000
00000000001110000000000000000000
00000000001111111110000000000000
00000000001111111111110000000000
00000000001111111111111100000000
00000000001110001111111110000000
00000000001110000001111110000000
00000000001110000000011110000000
00000000001110000000011110000000
00000000001111000000011110000000
00000000001111111000111110000000
00000000001111111111111100000000
00000000000111111111111100000000
00000000000000111111111000000000
00000000000000000000000000000000
00000000000000000000000000000000
00000000000000000000000000000000
00000000000000000000000000000000
00000000000000000000000000000000
00000000000000000000000000000000
00000000000000000000000000000000