5
00000000000000000000000000000000
00000000000000000000000000000000
00000000000000000000000000000000
00000000000000000000000000000000
00000000000000000000000000000000
00000000000000000000000000000000
00000000000000001111100000000000
00000000001111111000000000000000
00000000001000000000000000000000
00000000001000000000000000000000
00000000001000000000000000000000
00000000001100000000000000000000
00000000000100000000000000000000
00000000000100000000000000000000
00000000000101111110000000000000
00000000000111000011000000000000
00000000000000000001000000000000
00000000000000000001100000000000
00000000000000000000100000000000
00000000000000000000100000000000
00000000000000000000010000000000
00000000000000000000010000000000
00000000000000000000010000000000
00000000001111100000110000000000
00000000000000111111100000000000
00000000000000000000000000000000
00000000000000000000000000000000
00000000000000000000000000000000
00000000000000000000000000000000
00000000000000000000000000000000
00000000000000000000000000000000
00000000000000000000000000000000