9
00000000000000000000000000000000
00000000000000000000000000000000
00000000001111110000000000000000
00000000011111111110000000000000
00000000011111111111000000000000
00000000111111111111110000000000
00000000111100001111110000000000
00000000111100000111110000000000
00000000111000000111110000000000
00000000111100000111110000000000
00000000111111001111110000000000
00000000111111111111110000000000
00000000011111111111110000000000
00000000000111111111110000000000
00000000000000000011110000000000
00000000000000000111110000000000
00000000000000000111100000000000
00000000000000000111100000000000
00000000000000000111000000000000
00000000000000000111000000000000
00000000000000001111000000000000
00000000000000001111000000000000
00000000000000001111000000000000
00000000000000001110000000000000
00000000000000001110000000000000
00000000000000001110000000000000
00000000000000001110000000000000
00000000000000000000000000000000
00000000000000000000000000000000
00000000000000000000000000000000
00000000000000000000000000000000
00000000000000000000000000000000