8
00000000000000000000000000000000
00000000000000000000000000000000
00000000000000000000000000000000
00000000111111111111000000000000
00000001111111111111000000000000
00000001111111111111000000000000
00000001111000111100000000000000
00000001111000011100000000000000
00000001111100011100000000000000
00000001111110011100000000000000
00000000111111011100000000000000
00000000011111111100000000000000
00000000001111111110000000000000
00000000000011111111100000000000
00000000000111111111110000000000
00000000001111111111110000000000
00000000011111110011111000000000
00000000011111000001111000000000
00000000011110000000111000000000
00000000011110000000111000000000
00000000011111100001111000000000
00000000001111111111111000000000
00000000001111111111111000000000
00000000000011111111110000000000
00000000000000011111100000000000
00000000000000000000000000000000
00000000000000000000000000000000
00000000000000000000000000000000
00000000000000000000000000000000
00000000000000000000000000000000
00000000000000000000000000000000
00000000000000000000000000000000