4
00000000000000000000000000000000
00000000000000000000000000000000
00000000000000000000000000000000
00000000000000000000000000000000
00000000000000000000000000000000
00000000000000000000000000000000
00000000000000000000000000000000
00000001000000010000000000000000
00000001000000010000000000000000
00000001000000010000000000000000
00000001000000010000000000000000
00000001000000001000000000000000
00000001000000001000000000000000
00000001000000001000000000000000
00000001000000001000000000000000
00000001000000001000000000000000
00000001000000001000000000000000
00000001000000001000000000000000
00000001000000001000000000000000
00000001111111111111111110000000
00000000000000001000000000000000
00000000000000001000000000000000
00000000000000001000000000000000
00000000000000001000000000000000
00000000000000001000000000000000
00000000000000001000000000000000
00000000000000001000000000000000
00000000000000000000000000000000
00000000000000000000000000000000
00000000000000000000000000000000
00000000000000000000000000000000
00000000000000000000000000000000