2
00000000000000000000000000000000
00000000000000000000000000000000
00000000000000000000000000000000
00000000000000000000000000000000
00000011100000000000000000000000
00000000111000000000000000000000
00000000001110000000000000000000
00000000000011000000000000000000
00000000000001100000000000000000
00000000000000110000000000000000
00000000000000011000000000000000
00000000000000001000000000000000
00000000000000001100000000000000
00000000000000000100000000000000
00000000000000000100000000000000
00000000000000000110000000000000
00000000000000000010000000000000
00000000000000000010000000000000
00000000000000000110000000000000
00000000001111111100000000000000
00000000011000001110000000000000
00000000110000001001100000000000
00000000100000011000111000000000
00000000100000110000001100000000
00000000110001100000000110000000
00000000010011000000000011000000
00000000011110000000000000000000
00000000000000000000000000000000
00000000000000000000000000000000
00000000000000000000000000000000
00000000000000000000000000000000
00000000000000000000000000000000