0
00000000000000000000000000000000
00000000000000000000000000000000
00000000000110111100000000000000
00000000011111111111100000000000
00000000110000000000111000000000
00000001100000000000001100000000
00000011000000000000000110000000
00000110000000000000000110000000
00000110000000000000000110000000
00000110000000000000000110000000
00000110000000000000000110000000
00000100000000000000000110000000
00000100000000000000000110000000
00000100000000000000000110000000
00000100000000000000000110000000
00000100000000000000000110000000
00000100000000000000000110000000
00000100000000000000000110000000
00000100000000000000000110000000
00000100000000000000000110000000
00000110000000000000000110000000
00000110000000000000000110000000
00000110000000000000000110000000
00000110000000000000000100000000
00000011000000000000000100000000
00000011000000000000001000000000
00000001100000000000011000000000
00000000111000000001110000000000
00000000001111111111000000000000
00000000000000000000000000000000
00000000000000000000000000000000
00000000000000000000000000000000