2
00000000000000000000000000000000
00000000000000000000000000000000
00000000000000000000000000000000
00000000000000000000000000000000
00000000111111100000000000000000
00000011111111111000000000000000
00000111111111111100000000000000
00000111111011111110000000000000
00000111100000111110000000000000
00000111000000011110000000000000
00000000000000001110000000000000
00000000000000001110000000000000
00000000000000001110000000000000
00000000000000001110000000000000
00000000000000001110000000000000
00000000000000011110000000000000
00000000000000011110000000000000
00000000000000111110000000000000
00000000000001111100000000000000
00000000000111111100000000000000
00000000001111111000000000000000
00000000011111100000000000000000
00000001111111000000000000000000
00000111111111111111100000000000
00000111111111111111111100000000
00000111111111111111111100000000
00000111110000000011111100000000
00000000000000000000000000000000
00000000000000000000000000000000
00000000000000000000000000000000
00000000000000000000000000000000
00000000000000000000000000000000