4
00000000000000000000000000000000
00000000000000000000000000000000
00000000000000011000000000000000
00000000000000111000000000000000
00000000000001101000000000000000
00000000000011010000000000000000
00000000000010010000000000000000
00000000000100010000000000000000
00000000001100010000000000000000
00000000001000010000000000000000
00000000010000010000000000000000
00000000110000010000000000000000
00000000100000010000000000000000
00000001000000010000000000000000
00000010000000010000000000000000
00000110000000010000000000000000
00001111111111111111111111100000
00000000000000010000000000000000
00000000000000010000000000000000
00000000000000010000000000000000
00000000000000010000000000000000
00000000000000010000000000000000
00000000000000010000000000000000
00000000000000010000000000000000
00000000000000010000000000000000
00000000000000010000000000000000
00000000000000010000000000000000
00000000000000010000000000000000
00000000000000000000000000000000
00000000000000000000000000000000
00000000000000000000000000000000
00000000000000000000000000000000