9
00000000000000000000000000000000
00000000000000000000000000000000
00000000000000111100000000000000
00000000001111100111111000000000
00000000111000000000011000000000
00000001100000000000011000000000
00000011000000000000011000000000
00000010000000000000111000000000
00000010000000000000101000000000
00000010000000000000101000000000
00000010000000000000101000000000
00000010000000000001101000000000
00000010000000000001001000000000
00000011000001100111001000000000
00000001100000011100001000000000
00000001111111110000001000000000
00000000000000000001001000000000
00000000000000000000001000000000
00000000000000000000001000000000
00000000000000000000001000000000
00000000000000000000001001000000
00000000000000000000001000000000
00000000000000000000001000000000
00000000000000000000001000000000
00000000000000000000001000000000
00000000000000000000001000000000
00000000000000000000001000000000
00000000000000000000001000000000
00000000000000000000001000000000
00000000000000000000001000000000
00000000000000000000000000000000
00000000000000000000000000000000