3
00000000000000000000000000000000
00000000111100000000000000000000
00000000100111111000000000000000
00000000000000001110000000000000
00000000000000000011000000000000
00000000000000000001100000000000
00000000000000000000100000000000
00000000000000000000100000000000
00000000000000000000100000000000
00000000000000000000100000000000
00000000000000000000100000000000
00000000000000000001100000000000
00000000000000000001000000000000
00000000000000000011000000000000
00000000000000001110000000000000
00000000000000011000000000000000
00000000000001110000000000000000
00000000001111000000000000000000
00000000011111110000000000000000
00000000000000001111100000000000
00000000000000000000111000000000
00000000000000000000001100000000
00000000000000000000000100000000
00000000000000000000001100000000
00000000000000000000001000000000
00000000000000000000001000000000
00000000000000000000011000000000
00000000000000000000010000000000
00000000000000000000110000000000
00000000000000000001100000000000
00000000100000000111000000000000
00000000111111111100000000000000