4
00000000000000000000000000000000
00000000000000000000000000000000
00000000000000000000000000000000
00000000000000000000000000000000
00000010000000000000001000000000
00000010000000000000001000000000
00000010000000000000001000000000
00000010000000000000001000000000
00000010000000000000001000000000
00000010000000000000001000000000
00000010000000000000001000000000
00000010000000000000001000000000
00000010000000000000001000000000
00000011100000000000001000000000
00000000111111111111101000000000
00000000000000000000111000000000
00000000000000000000001000000000
00000000000000000000001000000000
00000000000000000000001000000000
00000000000000000000001000000000
00000000000000000000011000000000
00000000000000000000010000000000
00000000000000000000010000000000
00000000000000000000010000000000
00000000000000000000010000000000
00000000000000000000010000000000
00000000000000000000000000000000
00000000000000000000000000000000
00000000000000000000000000000000
00000000000000000000000000000000
00000000000000000000000000000000
00000000000000000000000000000000