4
00000000000000000000000000000000
00000000000000000000000000000000
00000000000000000000000000000000
00000000000000000000000000000000
00001100000000000000000000000000
00001100000000000001100000000000
00001100000000000001100000000000
00001100000000000001100000000000
00001100000000000001100000000000
00001100000000000001100000000000
00001100000000000001100000000000
00001100000000000001100000000000
00001110000000000001100000000000
00000110000000000001100000000000
00000110000000000001100000000000
00000110000000000001100000000000
00000111111111100001100000000000
00000001111111111111111111110000
00000000000000011111111111111000
00000000000000000011000000000000
00000000000000000011000000000000
00000000000000000011000000000000
00000000000000000011000000000000
00000000000000000011000000000000
00000000000000000011000000000000
00000000000000000011000000000000
00000000000000000011000000000000
00000000000000000011000000000000
00000000000000000011000000000000
00000000000000000011000000000000
00000000000000000000000000000000
00000000000000000000000000000000