9
00000000000000000000000000000000
00000000000000000000000000000000
00000000000011111110000000000000
00000000000111111111100000000000
00000000001110000001100000000000
00000000011100000001100000000000
00000000111000000001100000000000
00000000110000000001100000000000
00000000110000000001100000000000
00000000110000000011100000000000
00000000110000000011100000000000
00000000111110001111110000000000
00000000011111111110110000000000
00000000000011111000110000000000
00000000000000000000110000000000
00000000000000000000110000000000
00000000000000000000110000000000
00000000000000000000110000000000
00000000000000000000110000000000
00000000000000000000110000000000
00000000000000000000110000000000
00000000000000000000110000000000
00000000000000000000110000000000
00000000000000000000110000000000
00000000000000000000110000000000
00000000000000000000110000000000
00000000000000000000110000000000
00000000000000000000110000000000
00000000000000000000110000000000
00000000000000000000110000000000
00000000000000000000110000000000
00000000000000000000000000000000