9
00000000000000000000000000000000
00000000000000000000000000000000
00000000000111100000000000000000
00000000111100111100000000000000
00000001100000000110000000000000
00000011000000000011000000000000
00000110000000000001000000000000
00000100000000000001000000000000
00000100000000000001000000000000
00000100000000000001000000000000
00000100000000000001000000000000
00000100000000000001000000000000
00000110000000000011000000000000
00000011100001100111000000000000
00000000111111111101000000000000
00000000000000000001000000000000
00000000000000000001000000000000
00000000000000000001000000000000
00000000000000000001000000000000
00000000000000000001000000000000
00000000000000000001000001000000
00000000000000000001000000000000
00000000000000000001000000000000
00000000000000000001000000000000
00000000000000000001000000000000
00000000000000000001000000000000
00000000000000000001000000000000
00000000000000000001000000000000
00000000000000000001000000000000
00000000000000000001000000000000
00000000000000000000000000000000
00000000000000000000000000000000