2
00000000000000000000000000000000
00000000000000000000000000000000
00000000000000000000000000000000
00000000000000000000000000000000
00000000001100000000000000000000
00000111111011000000000000000000
00000000000001000000000000000000
00000000000000100000000000000000
00000000000000110000000000000000
00000000000000010000000000000000
00000000000000010000000000000000
00000000000000010000000000000000
00000000000000010000000000000000
00000000000000010000000000000000
00000000000000010000000000000000
00000000000000010000000000000000
00000000000000010000000000000000
00000000000000010000000000000000
00000000000000010000000000000000
00000000000000010000000000000000
00000000011111110000000000000000
00000001110000111000000000000000
00000001000000011110000000000000
00000001000000110011000000000000
00000001100001100001100000000000
00000000110001000000110000000000
00000000011011000000011100000000
00000000001110000000000111000000
00000000000000000000000000000000
00000000000000000000000000000000
00000000000000000000000000000000
00000000000000000000000000000000