4
00000000000000000000000000000000
00000000000000000000000000000000
00000000000000000000000000000000
00000000000000000000000000000000
00000000110000000000000000000000
00000000111000000111000000000000
00000000111000000111000000000000
00000000111000000111000000000000
00000000111000000111000000000000
00000000111000000011000000000000
00000000111000000011100000000000
00000000111000000011100000000000
00000000111000000011100000000000
00000000111111111111111000000000
00000000111111111111111100000000
00000000111111111111111100000000
00000000000000000011100000000000
00000000000000000011100000000000
00000000000000000011100000000000
00000000000000000011100000000000
00000000000000000011100000000000
00000000000000000011100000000000
00000000000000000011100000000000
00000000000000000001100000000000
00000000000000000011100000000000
00000000000000000011100000000000
00000000000000000011100000000000
00000000000000000011100000000000
00000000000000000000000000000000
00000000000000000000000000000000
00000000000000000000000000000000
00000000000000000000000000000000