1
00000000000000000000000000000000
00000000000000011110000000000000
00000000000000011110000000000000
00000000000000111110000000000000
00000000000001111110000000000000
00000000000011111110000000000000
00000000000111111110000000000000
00000000000111111110000000000000
00000000000111101110000000000000
00000000000111001110000000000000
00000000000000001110000000000000
00000000000000001110000000000000
00000000000000001110000000000000
00000000000000001110000000000000
00000000000000001110000000000000
00000000000000001110000000000000
00000000000000001110000000000000
00000000000000001110000000000000
00000000000000001110000000000000
00000000000000001110000000000000
00000000000000001110000000000000
00000000000000001110000000000000
00000000000000001110000000000000
00000000000000001110000000000000
00000000000000001110000000000000
00000000000000001110000000000000
00000000000000001110000000000000
00000000000000001110000000000000
00000000000000001110000000000000
00000000000000001110000000000000
00000000000000001110000000000000
00000000000000000000000000000000