2
00000000000000000000000000000000
00000000000000000000000000000000
00000000000000000000000000000000
00000000000000000000000000000000
00000000000000000000000000000000
00000000000000000000000000000000
00000000000000000000000000000000
00000000000000000000000000000000
00000000001111100000000000000000
00000000111000110000000000000000
00000000100000011000000000000000
00000000000000001000000000000000
00000000000000001100000000000000
00000000000000000100000000000000
00000000000000000110000000000000
00000000000000000010000000000000
00000000000000000010000000000000
00000000000000000010000000000000
00000000000000000010000000000000
00000000000000000010000000000000
00000000011111111010000000000000
00000000110000001110000000000000
00000000110000000110000000000000
00000000010000011111000000000000
00000000011111110001100000000000
00000000000000000000110000000000
00000000000000000000011100000000
00000000000000000000000111110000
00000000000000000000000000000000
00000000000000000000000000000000
00000000000000000000000000000000
00000000000000000000000000000000