8
00000000000000000000000000000000
00000000000000000000000000000000
00000000000000000000000000000000
00000000001111111100000000000000
00000000011111111110000000000000
00000000111111111110000000000000
00000000111110011110000000000000
00000000111100011110000000000000
00000000111000011110000000000000
00000000111100001110000000000000
00000000111110001110000000000000
00000000111111001110000000000000
00000000011111111110000000000000
00000000001111111110000000000000
00000000000111111110000000000000
00000000000001111111100000000000
00000000000001111111110000000000
00000000000011111111111000000000
00000000000111111011111000000000
00000000000111110001111100000000
00000000001111100000111100000000
00000000001111000000111100000000
00000000001110000000011100000000
00000000001111000000111100000000
00000000001111110001111100000000
00000000001111111111111100000000
00000000000111111111111000000000
00000000000001111111110000000000
00000000000000000000000000000000
00000000000000000000000000000000
00000000000000000000000000000000
00000000000000000000000000000000