2
00000000000000000000000000000000
00000000000000000000000000000000
00000000000000000000000000000000
00000000000000000000000000000000
00000000111111000000000000000000
00000111100001100000000000000000
00000000000000110000000000000000
00000000000000010000000000000000
00000000000000011000000000000000
00000000000000001100000000000000
00000000000000000100000000000000
00000000000000000110000000000000
00000000000000000010000000000000
00000000000000000010000000000000
00000000000000000010000000000000
00000000000000000010000000000000
00000000000000000010000000000000
00000000000000000010000000000000
00000000000000000010000000000000
00000000000000000010000000000000
00000000000000000010000000000000
00000000000000000010000000000000
00000000000001110100000000000000
00000000000111011110000000000000
00000000001100000111100000000000
00000000001000001100111000000000
00000000001000011000001110000000
00000000001101110000000011000000
00000000000111000000000000000000
00000000000000000000000000000000
00000000000000000000000000000000
00000000000000000000000000000000