0
00000000000000000000000000000000
00000000000000000000000000000000
00000000000000000000000000000000
00000000000000000000000000000000
00000000000000000000000000000000
00000000000000000000000000000000
00000000000011111110000000000000
00000000000111000011111000000000
00000000001100000000001100000000
00000000011000000000000110000000
00000000010000000000000010000000
00000000010000000000000010000000
00000000010000000000000010000000
00000000010000000000000010000000
00000000110000000000000010000000
00000000100000000000000110000000
00000000100000000000000100000000
00000000100000000000000100000000
00000000100000000000000100000000
00000000100000000000001100000000
00000000100000000000001000000000
00000000110000000000001000000000
00000000010000000000001000000000
00000000011000000000001000000000
00000000001110000000001000000000
00000000000001111111110000000000
00000000000000000000000000000000
00000000000000000000000000000000
00000000000000000000000000000000
00000000000000000000000000000000
00000000000000000000000000000000
00000000000000000000000000000000