9
00000000000000000000000000000000
00000000000000000000000000000000
00000000000000000000000000000000
00000000000000000000000000000000
00000000000000000000000000000000
00000000000000000000000000000000
00000000000000000000000000000000
00000000000000000000000000000000
00000000011111111111100000000000
00000000011111111111100000000000
00000000011111111111111100000000
00000001111100000000011100000000
00000001111100000000011100000000
00000001111100000000011100000000
00000001110000000000111100000000
00000001110000000000111100000000
00000001110000000011111100000000
00000001111110001111111100000000
00000001111110001111111100000000
00000001111111111111111100000000
00000000001111111110011100000000
00000000001111111110011100000000
00000000000000000000011100000000
00000000000000000000011100000000
00000000000000000000011100000000
00000000000000000000011100000000
00000000000000000000011100000000
00000000000000000000011100000000
00000000000000000000011100000000
00000000000000000000011100000000
00000000000000000000000000000000
00000000000000000000000000000000