0
00000000000000000000000000000000
00000000000000000000000000000000
00000000000000000000000000000000
00000000000000000000000000000000
00000000000000000000000000000000
00000000000000000000000000000000
00000000000111111111000000000000
00000000001100000001111000000000
00000000001000000000011100000000
00000000011000000000001110000000
00000000010000000000000010000000
00000000010000000000000011000000
00000000110000000000000001000000
00000000100000000000000001000000
00000000100000000000000001100000
00000001100000000000000001100000
00000001100000000000000000100000
00000001000000000000000001100000
00000001000000000000000001000000
00000001000000000000000001000000
00000001000000000000000011000000
00000001000000000000000010000000
00000001000000000000000110000000
00000001100000000000000110000000
00000000100000000000001100000000
00000000110000000000011000000000
00000000011000000001110000000000
00000000001100000011100000000000
00000000000110011110000000000000
00000000000011111000000000000000
00000000000000000000000000000000
00000000000000000000000000000000