8
00000000000000000000000000000000
00000000000000000000000000000000
00000000000000000000000000000000
00000000000000000000000000000000
00000000000111000000000000000000
00000000111101111100000000000000
00000001100000000110000000000000
00000001000000000011000000000000
00000001000000000001000000000000
00000001100000000001000000000000
00000000110000000011000000000000
00000000011000000110000000000000
00000000001110001100000000000000
00000000000011111000000000000000
00000000000000111000000000000000
00000000000001101100000000000000
00000000000001000010000000000000
00000000000011000001000000000000
00000000000010000001100000000000
00000000000110000000100000000000
00000000000100000000100000000000
00000000000100000000110000000000
00000000000100000000010000000000
00000000000100000000010000000000
00000000000100000000110000000000
00000000000100000001100000000000
00000000000111111111000000000000
00000000000000000000000000000000
00000000000000000000000000000000
00000000000000000000000000000000
00000000000000000000000000000000
00000000000000000000000000000000