8
00000000000000000000000000000000
00000000000000000000000000000000
00000000000000000000000000000000
00000000001111111000000000000000
00000000011111111100000000000000
00000000111000001110000000000000
00000000111000000111000000000000
00000000111000000011100000000000
00000000011000000001110000000000
00000000011000000000110000000000
00000000011100000000110000000000
00000000001110000000110000000000
00000000000111100001110000000000
00000000000011110011100000000000
00000000000000111111100000000000
00000000000000011110000000000000
00000000000000111111000000000000
00000000000001111011000000000000
00000000000011100011100000000000
00000000000111000001100000000000
00000000001110000001110000000000
00000000001100000000110000000000
00000000011100000000110000000000
00000000011000000001110000000000
00000000011000000001100000000000
00000000011100000001100000000000
00000000001100000011100000000000
00000000001100000111000000000000
00000000001111111111000000000000
00000000000111111100000000000000
00000000000000000000000000000000
00000000000000000000000000000000