3
00000000000000000000000000000000
00000000000000000000000000000000
00000000000000000000000000000000
00000000000000000000000000000000
00000000000000000000000000000000
00000000001111100000000000000000
00000000111001110000000000000000
00000011100000011000000000000000
00000010000000001100000000000000
00000000000000000110000000000000
00000000000000000010000000000000
00000000000000000010000000000000
00000000000000000010000000000000
00000000000000000010000000000000
00000000000000000110000000000000
00000000000001111100000000000000
00000000000011111100000000000000
00000000000000000110000000000000
00000000000000000011100000000000
00000000000000000000100000000000
00000000000000000000110000000000
00000000000000000000010000000000
00000000000000000000010000000000
00000000000000000000010000000000
00000000000000000000010000000000
00000000000000000000110000000000
00000000011000000001100000000000
00000000001111111111000000000000
00000000000000000000000000000000
00000000000000000000000000000000
00000000000000000000000000000000
00000000000000000000000000000000