2
00000001111000000000000000000000
00000011111100000000000000000000
00000011111111000000000000000000
00000111111111100000000000000000
00000111111111110000000000000000
00000111110111110000000000000000
00000111100001111000000000000000
00000111100000111100000000000000
00000111100000111100000000000000
00000111100000011100000000000000
00000111100000011110000000000000
00000111100000011110000000000000
00000111100000001110000000000000
00000111110000001110000000000000
00000011110000001111000000000000
00000001100000001111000000000000
00000000000000000111000000000000
00000000000000000111000000000000
00000000000000011111000000000000
00000000000000111111000000000000
00000000000001111111100000000000
00000000000011111111110000000000
00000000000011110111111000000000
00000000000011100011111100000000
00000000000111000011111110000000
00000000000111000011001111000000
00000000000111000110000111100000
00000000000111000110000011111000
00000000000111101110000001111100
00000000000111111110000000111100
00000000000011111100000000000000
00000000000011111100000000000000