8
00000000000000000000000000000000
00000000000000000000000000000000
00000000000000111111000000000000
00000000000011111111000000000000
00000000001111111111000000000000
00000000011111000111000000000000
00000000011100000111000000000000
00000000011100000111000000000000
00000000011100001111000000000000
00000000011111001110000000000000
00000000001111111110000000000000
00000000000011111100000000000000
00000000000000111110000000000000
00000000000001111111000000000000
00000000000001110111100000000000
00000000000011100011100000000000
00000000000111100001110000000000
00000000000111000001110000000000
00000000001110000000111000000000
00000000001110000000111000000000
00000000001110000000111000000000
00000000001110000000111000000000
00000000001110000011110000000000
00000000001111100111110000000000
00000000000111111111100000000000
00000000000011111110000000000000
00000000000000111000000000000000
00000000000000000000000000000000
00000000000000000000000000000000
00000000000000000000000000000000
00000000000000000000000000000000
00000000000000000000000000000000