1
00000000000000000000000000000000
00000000000000000000000000000000
00000000000000011100000000000000
00000000000001111100000000000000
00000000000011111110000000000000
00000000000111111110000000000000
00000000001111001110000000000000
00000000001110001110000000000000
00000000000100001110000000000000
00000000000000001110000000000000
00000000000000001110000000000000
00000000000000001110000000000000
00000000000000001110000000000000
00000000000000001110000000000000
00000000000000001110000000000000
00000000000000001110000000000000
00000000000000001110000000000000
00000000000000001110000000000000
00000000000000001110000000000000
00000000000000001110000000000000
00000000000000001110000000000000
00000000000000001110000000000000
00000000000000001110000000000000
00000000000000001110000000000000
00000000111100001100000000000000
00000001111111111111111111000000
00000000111111111111111111100000
00000000001111111111111111000000
00000000000000000000000000000000
00000000000000000000000000000000
00000000000000000000000000000000
00000000000000000000000000000000