4
00000000000000000000000000000000
00000000000000000000000000000000
00000000000000000000000000000000
00000000000000000000000000000000
00000000000000000000000000000000
00000001000000000000000000000000
00000011000000000000000000000000
00000011000000000000000000000000
01000011000000000000000000000000
00000011000000000000000000000000
00000011000000000000000000000000
00000011000000000000000000000000
00000011000000000000000000000000
00000011000000000000000000000000
00000011000000010000000000000000
00000011000000110000000000000000
00000011000010110000000000000000
00000001010000110000000000000000
00100011000010111111111111000000
00000011111111111111111111000000
00000011111000110000000000000000
00000000100000110000000000000000
00000000000001110000000000000000
00000000100000110000000000000000
00000000000000110000000000000000
00000000001000110000000000000000
00000000000000100000000000000000
00000000000000000000000000000000
00000000000000000000000000000000
00000000000000000000000000000000
00000000000000000000000000000000
00000000000000100000000000000000