9
00000000000000000000000000000000
00000000000000000000000000000000
00000000000000000000000000000000
00000000000000000000000000000000
00000000000000000000000000000000
00000000011111111111111100000000
00000000111111111111111110000000
00000001111111111111111111000000
00000001111000000000001111000000
00000001110000000000000111000000
00000011110000000000000111000000
00000011110000000000000111000000
00000011110000000000000111000000
00000011111000011111111111000000
00000011111111111111111111000000
00000011111111111111111111000000
00000000111111111100000111000000
00000000000000000000000111000000
00000000000000000000000111000000
00000000000000000000000111000000
00000000000000000000000111000000
00000000000000000000000111000000
00000000000000000000000111000000
00000000000000000000000111000000
00000000000000000000000111000000
00000000000000000000000111000000
00000000000000000000000111000000
00000000000000000000000111000000
00000000000000000000000000000000
00000000000000000000000000000000
00000000000000000000000000000000
00000000000000000000000000000000