7
00000000000000000000000000000000
00000000000000000000000000000000
00000111111111111111111111111110
00000000000000000000000000001100
00000000000000000000000000011000
00000000000000000000000000110000
00000000000000000000000000100000
00000000000000000000000011000000
00000000000000000000000110000000
00000000000000000000000100000000
00000000000000000000001000000000
00000000000000000000010000000000
00000000000000000000110000000000
00000000000000000001100000000000
00000000000000000001000000000000
00000000000000000011000000000000
00000000000000000010000000000000
00000000000000001100000000000000
00000000000000001000000000000000
00000000000000010000000000000000
00000000000000110000000000000000
00000000000001100000000000000000
00000000000001000000000000000000
00000000000011000000000000000000
00000000000010000000000000000000
00000000000110000000000000000000
00000000000100000000000000000000
00000000001100000000000000000000
00000000011000000000000000000000
00000000000000000000000000000000
00000000000000000000000000000000
00000000000000000000000000000000