5
00000000000000000000000000000000
00000000000000000000000000000000
00000000000000000000000000000000
00000000000000000000000000000000
00000000000000000000000000000000
00000000011100000111111111000000
00000000011111111111111111000000
00000000011111111111111111000000
00000000011111111110000000000000
00000000011100000000000000000000
00000000011100000000000000000000
00000000011100000000000000000000
00000000011100011111100000000000
00000000011111111111111000000000
00000000011111111111111000000000
00000000011111111001111100000000
00000000011111100000111100000000
00000000011110000000111100000000
00000000011100000000111100000000
00000000000000000011111100000000
00000000000000000011111000000000
00000000000000001111110000000000
00000000000000011111100000000000
00000000000001111111000000000000
00000000000111111100000000000000
00000001111111111000000000000000
00000001111111100000000000000000
00000001111110000000000000000000
00000000000000000000000000000000
00000000000000000000000000000000
00000000000000000000000000000000
00000000000000000000000000000000