8
00000000000000000000000000000000
00000000000000000000000000000000
00000000000000000000000000000000
00000000000001111000000000000000
00000000000011111110000000000000
00000000000011111111100000000000
00000000000111101111110000000000
00000000000111000111111000000000
00000000000111000001111000000000
00000000000111000000111000000000
00000000000111000000111000000000
00000000000011100000111000000000
00000000000011100001111000000000
00000000000011110111110000000000
00000000000001111111110000000000
00000000000001111111100000000000
00000000000011111110000000000000
00000000001111111110000000000000
00000000111111101111000000000000
00000001111110001111000000000000
00000001111000000111000000000000
00000001110000000011000000000000
00000001110000000011000000000000
00000001111000000111000000000000
00000001111110001111000000000000
00000000111111111111000000000000
00000000001111111110000000000000
00000000000001110000000000000000
00000000000000000000000000000000
00000000000000000000000000000000
00000000000000000000000000000000
00000000000000000000000000000000