4
00000000000000000000000000000000
00000000000000000000000000000000
00000000000000000000000000000000
00000000000000000000000000000000
00000000000000000000000000000000
00000100000000000000000000000000
00000100000000000001000000000000
00000100000000000001000000000000
00000100000000000001000000000000
00000110000000000001000000000000
00000010000000000001000000000000
00000010000000000001000000000000
00000110000000000001000000000000
00000110000000000001000000000000
00000100000000001111000000000000
00000100000001111101000000000000
00000100001111100011000000000000
00000111111100000011000000000000
00000100000000000010000000000000
00000000000000000010000000000000
00000000000000000010000000000000
00000000000000000010000000000000
00000000000000000010000000000000
00000000000000000010000000000000
00000000000000000010000000000000
00000000000000000010000000000000
00000000000000000010000000000000
00000000000000000000000000000000
00000000000000000000000000000000
00000000000000000000000000000000
00000000000000000000000000000000
00000000000000000000000000000000