2
00000000000000000100000100000000
00000000000100000000100000000000
00000000000000011000000100000000
00000000000000000000110000000000
00000000000000000110000100000000
00000000000001111110000000000000
00000000001111111111100100000000
00000000111100000001111000000000
00100000111000000010011000000000
00000000110000000100011100000000
00000001110010000000001100000000
00000001101000001010001100000000
00000001101000000000001100000000
00000001100000000000011100000000
00000001100100000010011100000000
00000000000100000000101100000000
00000000000000000000011100000000
00000000000000000001011000000000
00000000000000000000011000000000
00000000000000000000011000000000
00000000000001000000110000000000
00000000000000000001100000000000
00000000011110000101100000000000
00000001111111100011001000000000
00000001110001111110000000000000
00100011100100111111000010000000
00000011110000110111000000001000
00000001111111100011110001100000
00000100001001100101111111100000
00000000100000000000011111000000
00000000001100010100000010000000
00000000000000000000000000100000