0
00000000000000000000000000000000
00000000000000000111111111000000
00000000000001111111111111110000
00000000001111111111111111111000
00000000111111111111000111111000
00000001111111111000000001111000
00000011111110000000000000111000
00000111110000000000000000111000
00000111110000000000000000111100
00001111100000000000000000111100
00001111000000000000000000111100
00011111000000000000000000011100
00011110000000000000000000011100
00011110000000000000000000011100
00011100000000000000000000011100
00011100000000000000000000011100
00111100000000000000000000011100
00111100000000000000000000011100
00111100000000000000000000011100
00111000000000000000000000011100
00111000000000000000000000011100
00111000000000000000000000111100
00111000000000000000000000111100
00111100000000000000000000111100
00111110000000000000000001111000
00111111100000000000000011111000
00011111111111111111111111111000
00001111111111111111111111110000
00000011111111111111111111100000
00000000000000000000000000000000
00000000000000000000000000000000
00000000000000000000000000000000