5
00000000000000000000000000000000
00000000000000000000000000000000
00000000000000000000000000000000
00000000000000000000000000000000
00000000011111111111000000000000
00000000010000000000000000000000
00000000010000000000000000000000
00000000010000000000000000000000
00000000010000000000000000000000
00000000111111100000000000000000
00000000110000110000000000000000
00000000100000010000000000000000
00000000000000011000000000000000
00000000000000001000000000000000
00000000000000001000000000000000
00000000000000001100000000000000
00000000100000000100000000000000
00000000100000000100000000000000
00000000100000000100000000000000
00000000100000001100000000000000
00000000110000011000000000000000
00000000011111110000000000000000
00000000000000000000000000000000
00000000000000000000000000000000
00000000000000000000000000000000
00000000000000000000000000000000
00000000000000000000000000000000
00000000000000000000000000000000
00000000000000000000000000000000
00000000000000000000000000000000
00000000000000000000000000000000
00000000000000000000000000000000