0
00000000000000000000000000000000
00000000000000000000000000000000
00000000000000000000100000000000
00000000000000000000000100000000
00000000000000000000000000000000
00000000100000111111011000000000
00000000000011111111111000000000
00000000001111001000011100000000
00000000111100000100101110000000
00000001110000000100100111000000
00000001110000000000000011000000
00000011000000000000000011100000
00000011001000000000000001100000
00010011000000000001000001101000
00000011100000000000000111101000
00001011000000000000000001100000
01000111010010010000000011100000
00000011101101100000000001100000
00000011110000010000000001100000
00000000110000000000000011000000
00000000111000100000000111000000
00000001101101000000001110000000
00000001001111100000011110000000
00000000010011111111110001000000
00000000000000111111000000000000
00000000000000000000000000000000
00000000000000000000000000000000
00000000000000000000000000000000
00000000000000000000000000000000
00000000000000000000000000000000
00000000000000000000000000000000
00000000000000000000000000000000