7
00000000000000000000010000000000
00000000000000001000000000000000
00000000000000000000000000000000
00000000000000000101000000000000
00000000000000000000000000000000
00000000000000000100001000000000
00000001111111111111100000000000
00000011111111111111100000000000
00000000000000000001101000000000
00000000000000000101100000000000
00000000000000000001100000000000
00000000000000000001101000000000
00000000000000001011100000000000
00000000000000000001100010000000
00000000000000000011111111000000
00000000000000011111111111000000
00000000000001111110110000000000
00000000000000000000110000000000
00000000000000000000110000000000
00000000000000000000110000000000
00000000000000000000110000000000
00000000000000000010110000000000
00000000000000000000110000000000
00000000000000000000110000000000
00000000000000000000000000000000
00000000000000000000000000000000
00000000000000000000000000000000
00000000000000000000000000000000
00000000000000000000000000000000
00000000000000000000000000000000
00000000000000000000000000000000
00000000000000000000000000000000