2
00000000000000000000000000000000
00000000000000000000000000000000
00000000000000000000000000000000
00000000000000000000000000000000
00000000000000000000000000000000
00000000000000000000000000000000
00000000000000000000000000000000
00000000000000000000000000000000
00000000011111111100000000000000
00000000110000000110000000000000
00000011100000000011000000000000
00000010000000000001100000000000
00000010000000000000110000000000
00000000000000000000011000000000
00000000000000000000001000000000
00000000000000000000001100000000
00000000000000000000000100000000
00000000000000000000000100000000
00000000000000000000001100000000
00000000000000000000111000000000
00000000000000000011100000000000
00000000000000011110000000000000
00000000000011110000000000000000
00000000011110000000000000000000
00000001110000000000000000000000
00000001110000000000000000000000
00000000011111111111111110000000
00000000000000000000000011100000
00000000000000000000000000000000
00000000000000000000000000000000
00000000000000000000000000000000
00000000000000000000000000000000