7
00000000000000000000000000000000
00000000000000000000000000000000
00111110000000000000000000000000
00111111111110000000000000000000
00111111111111111111110000000000
00001111111111111111111111111100
00000000000111111111111111111100
00000000000000000001111111111100
00000000000000000000000001111000
00000000000000000000000011111000
00000000000000000000000011110000
00000000000000000000000111110000
00000000000000000000000111100000
00000000000000000000000111100000
00000000000000000000001111000000
00000000000000000000001111000000
00000000000000000000001111000000
00000000000000000000011110000000
00000000000000000000011110000000
00000000000000000000011110000000
00000000000000000000111100000000
00000000000000000000111100000000
00000000000000000000111100000000
00000000000000000001111000000000
00000000000000000001111000000000
00000000000000000001111000000000
00000000000000000001110000000000
00000000000000000001110000000000
00000000000000000000000000000000
00000000000000000000000000000000
00000000000000000000000000000000
00000000000000000000000000000000