4
00000000000000000000000000000000
00000000000000000000000000000000
00000000011000000001000000000000
00000000111000000011100000000000
00000000111000000011100000000000
00000000111000000011100000000000
00000001110000000011100000000000
00000001110000000011100000000000
00000011110000000011100000000000
00000011100000000011100000000000
00000011100000000011100000000000
00000011110000000011100000000000
00000011111111111111111100000000
00000001111111111111111110000000
00000000001111111111111110000000
00000000000000000011100000000000
00000000000000000011100000000000
00000000000000000011000000000000
00000000000000000011000000000000
00000000000000000011000000000000
00000000000000000111000000000000
00000000000000000111000000000000
00000000000000000111000000000000
00000000000000000111000000000000
00000000000000000011000000000000
00000000000000000011000000000000
00000000000000000011100000000000
00000000000000000011100000000000
00000000000000000000000000000000
00000000000000000000000000000000
00000000000000000000000000000000
00000000000000000000000000000000