4
00000000000000000000000000000000
00000000000000000000000000000000
00000001110000000001110000000000
00000001110000000001110000000000
00000001110000000001110000000000
00000001110000000001110000000000
00000001110000000001110000000000
00000001110000000001110000000000
00000001110000000001110000000000
00000001110000000001110000000000
00000001110000000001110000000000
00000001110000000001110000000000
00000001110000000001110000000000
00000001110000000001110111111000
00000001111111111111111111111000
00000001111111111111111111111000
00000001111111111111111111000000
00000000000000000011110000000000
00000000000000000011100000000000
00000000000000000011100000000000
00000000000000000011100000000000
00000000000000000011100000000000
00000000000000000011100000000000
00000000000000000011100000000000
00000000000000000011100000000000
00000000000000000011100000000000
00000000000000000111100000000000
00000000000000000111100000000000
00000000000000000111100000000000
00000000000000000111000000000000
00000000000000000000000000000000
00000000000000000000000000000000