5
00000000000000000000000000000000
00000000000000000000000000000000
00000000000000000000000000000000
00000000000000000000000000000000
00000010000000000000000000000000
00000111111111111111111110000000
00000010000000000000000000000000
00000010000000000000000000000000
00000010000000000000000000000000
00000010000000000000000000000000
00000010000000000000000000000000
00000010000000000000000000000000
00000010000000000000000000000000
00000010000000000000000000000000
00000010000000000000000000000000
00000110111111100000000000000000
00000111100000111000000000000000
00000100000000001110000000000000
00000000000000000011000000000000
00000000000000000001100000000000
00000000000000000000111000000000
00000000000000000000001000000000
00000000000000000000001100000000
00000000000000000000000110000000
00000000000000000000000010000000
00000010000000000000000010000000
00000011111111000000001110000000
00000000000001111111111000000000
00000000000000000000000000000000
00000000000000000000000000000000
00000000000000000000000000000000
00000000000000000000000000000000