4
00000000000000000000000000000000
00000000000000000000000000000000
00000000000000000000000000000000
00000000000000000000000000000000
00000001000000000001000000000000
00000001000000000001000000000000
00000001000000000001000000000000
00000001000000000001000000000000
00000001000000000001000000000000
00000001000000000001000000000000
00000001000000000001000000000000
00000001100000000001000000000000
00000001000000000001000000000000
00000001000000000001000000000000
00000001111111111111100000000000
00000000000000000001000000000000
00000000000000000001000000000000
00000000000000000001000000000000
00000000000000000001000000000000
00000000000000000001000000000000
00000000000000000001000000000000
00000000000000000001000000000000
00000000000000000001000000000000
00000000000000000001000000000000
00000000000000000001000000000000
00000000000000000001000000000000
00000000010000000001000000000000
00000000000000000001010000000000
00000000000000000001000000000000
00000000000000000000000010000000
00000000000000000000000000000000
00000000000000000000000000000000