6
00000000000000000000000000000000
00000000000000000000000000000000
00000000000000000000000100000000
00000000000000000000011100000000
00000000000000000001110000000000
00000000000000000011100000000000
00000000000000001110000000000000
00000000000000011100000000000000
00000000000000110000000000000000
00000000000001100000000000000000
00000000000011000000000000000000
00000000000110000000000000000000
00000000000110000000000000000000
00000000001101100000000000000000
00000000001100000000000000000000
00000000001000000000000000000000
00000000011000000001000000000000
00000000010000000000000000000000
00000000010001111111110000000000
00000000111111000000011100000000
00000000100000000000000111000000
00000000100000000000000110000000
00000000100000000000000010000000
00000000100000000000000010000000
00000000100000000000000010000000
00000000110000000000000010000000
00000000011000000000000110000000
00000000001100000000000100000000
00000000000111000000000100000000
00000000000001111111111100000000
00000000000000000000000000000000
00000000000000000000000000000000