1
00000000000000000000000000000000
00000000000000001110000000000000
00000000000000111110000000000000
00000000000011111110000000000000
00000000000111111110000000000000
00000000001111111110000000000000
00000000011111111100000000000000
00000001111111011100000000000000
00000001111110011100000000000000
00000001111100011100000000000000
00000000000000011100000000000000
00000000000000011100000000000000
00000000000000011100000000000000
00000000000000011100000000000000
00000000000000011100000000000000
00000000000000011100000000000000
00000000000000011100000000000000
00000000000000011100000000000000
00000000000000011100000000000000
00000000000000011100000000000000
00000000000000011100000000000000
00000000000000011100000000000000
00000000000000011100000000000000
00000000000000011100000000000000
00000000000000011100000000000000
00000000000000011100000000000000
00000111111111111111111111110000
00000111111111111111111111110000
00000111111111111111111111110000
00000000000000000000000001110000
00000000000000000000000000000000
00000000000000000000000000000000