5
00000000000000000000000000000000
00000000000000000000000000000000
00000000000000000000000000000000
00000000011111111111111111110000
00000000011111111111111111110000
00000000011111111111111111110000
00000000011100000000000000000000
00000000011100000000000000000000
00000000011100000000000000000000
00000000011100000000000000000000
00000000011111111111110000000000
00000000011111111111111110000000
00000000011111111111111111000000
00000000001110000000111111100000
00000000000000000000001111100000
00000000000000000000000011100000
00000000000000000000000011100000
00000000000000000000000011100000
00000000000000000000000011100000
00000000000000000000000011100000
00001110000000000000000111100000
00001110000000000000000111100000
00001110000000000000001111100000
00001111000000000000111111000000
00001111000000011111111110000000
00001111111111111111111100000000
00000111111111111111110000000000
00000011111111111100000000000000
00000000000000000000000000000000
00000000000000000000000000000000
00000000000000000000000000000000
00000000000000000000000000000000