6
00000000000000000000000000000000
00000000000000000000000000000000
00000000000000000000000000000000
00000000000000000000000000000000
00000000000000000001100000000000
00000000000000000111000000000000
00000000000000001100000000000000
00000000000000011000000000000000
00000000000000110000000000000000
00000000000001100000000000000000
00000000000011000000000000000000
00000000000110000000000000000000
00000000000110000000000000000000
00000000001100000000000000000000
00000000001000000000000000000000
00000000001111000000000000000000
00000000011001110000000000000000
00000000010000011100000000000000
00000000010000001110000000000000
00000000110000000110000000000000
00000000100000000011000000000000
00000000100000000001100000000000
00000000100000000000100000000000
00000000100000000000100000000000
00000000100000000000100000000000
00000000110000000000100000000000
00000000011000000001100000000000
00000000011111110011000000000000
00000000000000111110000000000000
00000000000000000000000000000000
00000000000000000000000000000000
00000000000000000000000000000000