4
00000000000000000000000000000000
00000000000000000000000000000000
00000000000000000000000000000000
00000000000000000000000000000000
00000000000000000000000000000000
00000000000000000000000000000000
00000100000000000000000000000000
00000100000000100000000000000000
00000110000000010000000000000000
00000011000000011000000000000000
00000001000000001000000001000000
00000001100000001100000110000000
00000000100000000110001100000000
00000000110000000010001000000000
00000000011000000001110000000000
00000000001000000001100000000000
00000000001100000001010000000000
00000000000100000011001000000000
00000000000110000110000100000000
00000000000011001000000110000000
00000000000001110000000001000000
00000000000000110000000000000000
00000000000000000000000000000000
00000000000000000000000000000000
00000000000000000000000000000000
00000000000000000000000000000000
00000000000000000000000000000000
00000000000000000000000000000000
00000000000000000000000000000000
00000000000000000000000000000000
00000000000000000000000000000000
00000000000000000000000000000000