6
00000000000000000000000000000000
00000000000000000000000000000000
00000000000000000000000000000000
00000000000000000000000000000000
00000000000000000000000000000000
00000000000000000111100000000000
00000000000000011100000000000000
00000000000000110000000000000000
00000000000011100000000000000000
00000000000010000000000000000000
00000000000110000000000000000000
00000000001100000000000000000000
00000000001000000000000000000000
00000000011000000000000000000000
00000000010000000000000000000000
00000000010000000000000000000000
00000000110000000000000000000000
00000000100000000000000000000000
00000000111111111100000000000000
00000000100000001111100000000000
00000000100000000000110000000000
00000000100000000000011000000000
00000000110000000000001100000000
00000000010000000000000100000000
00000000011000000000000100000000
00000000001100000000000100000000
00000000000100000000001100000000
00000000000111000000111000000000
00000000000001111111100000000000
00000000000000000000000000000000
00000000000000000000000000000000
00000000000000000000000000000000