8
00000000000000000000000000000000
00000000000000000000000000000000
00000000000000000000000000000000
00000000000000000000000000000000
00000000000111111111000000000000
00000000011111111111111000000000
00000001110000000000111000000000
00000001000000000000001000000000
00000010000000000000011000000000
00000110000000000000010000000000
00000110000000000000110000000000
00000010000000000001100000000000
00000001000000000110000000000000
00000000111111101100000000000000
00000000000111111000000000000000
00000000000001110110000000000000
00000000000111000011000000000000
00000000001100000001100000000000
00000000010000000000100000000000
00000000110000000000110000000000
00000000100000000000010000000000
00000000100000000000010000000000
00000000100000000000010000000000
00000000100000000000110000000000
00000000100000000001100000000000
00000000110000001111000000000000
00000000011111111100000000000000
00000000000000000000000000000000
00000000000000000000000000000000
00000000000000000000000000000000
00000000000000000000000000000000
00000000000000000000000000000000