6
00000000000000000000000000000000
00000000000000000000000000000000
00000000000001111111000000000000
00000000000111000001000000000000
00000000000100000000000000000000
00000000001100000000000000000000
00000000011000000000000000000000
00000000010000000000000000000000
00000000110000000000000000000000
00000000100000000000000000000000
00000001100000000000000000000000
00000001000000000000000000000000
00000001000000000000000000000000
00000001000000000000000000000000
00000010000001111100000000000000
00000010001111000111000000000000
00000010011000000001100000000000
00000010110000000000100000000000
00000011100000000000010000000000
00000001000000000000011000000000
00000001100000000000001000000000
00000000110000000000001000000000
00000000010000000000001000000000
00000000001000000000001000000000
00000000001100000000001000000000
00000000000111000000001000000000
00000000000001110000011000000000
00000000000000011111110000000000
00000000000000000000000000000000
00000000000000000000000000000000
00000000000000000000000000000000
00000000000000000000000000000000