3
00000000000000000000000000000000
00000000000000000000000000000000
00000000000000000000000000000000
00000000000000000000000000000000
00000000000000000000000000000000
00001111111111111111111100000000
00001111111111111111111100000000
00001111111111111111111111000000
00000000000000000000011111000000
00000000000000000000011111000000
00000000000000000000000111000000
00000000000000000000011111000000
00000000000000000000011111000000
00000001111111111111111111000000
00000001111111111111111100000000
00000001111111111111111100000000
00000000000000011111111000000000
00000000000000001111111100000000
00000000000000001111111100000000
00000000000000000000011111100000
00000000000000000000011111100000
00000000000000000000011111100000
00000000000000000000011111100000
00000000000000000000011111100000
00001111111111111111111111100000
00001111111111111111111100000000
00001111111111111111111100000000
00000000000000000000000000000000
00000000000000000000000000000000
00000000000000000000000000000000
00000000000000000000000000000000
00000000000000000000000000000000