5
00000000000000000000000000000000
00000000000000000000000000000000
00000011111111111111111110000000
00000011111111111111111110000000
00000011111111111111111110000000
00000011100000000000000000000000
00000011100000000000000000000000
00000011100000000000000000000000
00000011100000000000000000000000
00000011100000000000000000000000
00000011100000000000000000000000
00000011111111111100000000000000
00000011111111111111100000000000
00000011111111111111111000000000
00000011100000011111111111000000
00000000000000000001111111100000
00000000000000000000011111100000
00000000000000000000000111110000
00000000000000000000000011110000
00000000000000000000000001110000
00000000000000000000000001110000
00000000000000000000000001110000
00000000000000000000000011110000
00000000000000000000000111110000
00000000000000000000001111110000
00000000000000000000111111100000
00000011111111111111111111000000
00000011111111111111111110000000
00000011111111111111111000000000
00000000000000000000000000000000
00000000000000000000000000000000
00000000000000000000000000000000