4
00000000000000000000000000000000
00000000000000000000000000000000
00000000000000000000000000000000
00000000000000000000000000000000
00000001000000000000000000000000
00000001000000000000000000000000
00000001000000010000000000000000
00000001000000010000000000000000
00000001000000010000000000000000
00000001000000010000000000000000
00000001000000010000000000000000
00000001000000010000000000000000
00000001000000010000000000000000
00000001000011111100000000000000
00000001111110010111111000000000
00000001100000010000000000000000
00000000000000010000000000000000
00000000000000010000000000000000
00000000000000010000000000000000
00000000000000010000000000000000
00000000000000010000000000000000
00000000000000010000000000000000
00000000000000010000000000000000
00000000000000010000000000000000
00000000000000010000000000000000
00000000000000010000000000000000
00000000000000010000000000000000
00000000000000000000000000000000
00000000000000000000000000000000
00000000000000000000000000000000
00000000000000000000000000000000
00000000000000000000000000000000