5
00000000000000000000000000000000
00000000000000000000000000000000
00000000000000000000000000000000
00000000000000000000000000000000
00000000001000000000000000000000
00000000000000100000001100000000
00000000000111111111111100000000
00000000001110001000000000000000
00000000001100000000000000000000
00000000101101001000000000000000
00000000001100000001100000000000
00000000001100000000000000000000
00000000001110000000000000000000
00000000000110000010000000000000
00000000010111111111100000000000
00000000000111111111110000000000
00000000000000000001111000000000
00000000000000000100011000000000
00000000100000000000011000000000
00000000000000000001110000000000
00000000011000001011110000000000
00000000111111111111000000000000
00000000011111111100000000000000
00000000000000000000000000000000
00000000000000000000000000000000
00000000000000000000000000000000
00000000000000000000000000000000
00000000000000000000000000000000
00000000000000000000000000000000
00000000000000000000000000000000
00000000000000000000000000000000
00000000000000000000000000000000