6
00000000000000110000000000000000
00000000000001110000000000000000
00000000000011110000000000000000
00000000000011100000000000000000
00000000000111000000000000000000
00000000001110000000000000000000
00000000011100000000000000000000
00000000011100000000000000000000
00000000111000000000000000000000
00000000110000000000000000000000
00000001110000000000000000000000
00000001110000000000000000000000
00000001110000000000000000000000
00000001100011111110000000000000
00000001101111111111000000000000
00000001111111000011100000000000
00000001111100000001110000000000
00000001110000000000111000000000
00000001110000000000111000000000
00000001100000000000111000000000
00000001110000000000111000000000
00000001110000000000111000000000
00000000110000000000111000000000
00000000111000000000111000000000
00000000111000000001110000000000
00000000011100000011110000000000
00000000011111111111100000000000
00000000001111111111000000000000
00000000000011111100000000000000
00000000000000000000000000000000
00000000000000000000000000000000
00000000000000000000000000000000