5
00000000000000000000000000000000
00000000000000000000000000000000
00000000000000000000000000000000
00000000000000000000000000000000
00000000000000000000000000000000
00000000000110000000000000000000
00000000000111111111111100000000
00000000000100000000000000000000
00000000000100000000000000000000
00000000000100000000000000000000
00000000000100000000000000000000
00000000000100000000000000000000
00000000000100000000000000000000
00000000000100011111111000000000
00000000000111110000001100000000
00000000000000000000000110000000
00000000000000000000000010000000
00000000000000000000000010000000
00000000000000000000000010000000
00000000000000000000000010000000
00000000000000000000000010000000
00000000000000000000000010000000
00000000000000000000000010000000
00000000000000000000000110000000
00000000000000000000011100000000
00000000000011000001111000000000
00000000000011111111100000000000
00000000000000011100000000000000
00000000000000000000000000000000
00000000000000000000000000000000
00000000000000000000000000000000
00000000000000000000000000000000