5
00000000000000000000000000000000
00000000000000000000000000000000
00000000000000000000000000000000
00000000000011111111110000000000
00000001111100000000000000000000
00000001000000000000000000000000
00000001000000000000000000000000
00000000100000000000000000000000
00000000100000000000000000000000
00000000100111111100000000000000
00000000100100000011000000000000
00000000100100000001000000000000
00000000111000000000100000000000
00000000011000000000010000000000
00000000010000000000011000000000
00000000000000000000001000000000
00000000000000000000000100000000
00000000000000000000000100000000
00000000000000000000000100000000
00000000000000000000000100000000
00000000000000000000000100000000
00010000000000000000000100000000
00011000000000000000000100000000
00001000000000000000001100000000
00001000000000000000001000000000
00000110000000000000010000000000
00000010000000000001100000000000
00000001000000000110000000000000
00000000111111111000000000000000
00000000000000000000000000000000
00000000000000000000000000000000
00000000000000000000000000000000