4
00000000000000000000000000000000
00000000000000000000000000000000
00000000000000000000000000000000
00000010000000000000000000000000
00000111000000000000000000000000
00000111000000000000000000000000
00000111000000000000011000000000
00000111000000000000011100000000
00000111000000000000011100000000
00000111000000000000011100000000
00000111000000000000011100000000
00000111000000000000011100000000
00000111000000000000011100000000
00000111000000000000011100000000
00000111100000000000011100000000
00000011111111000000011100000000
00000001111111111111111111100000
00000000011111111111111111110000
00000000000000011111111111100000
00000000000000000000011100000000
00000000000000000000011100000000
00000000000000000000011110000000
00000000000000000000011110000000
00000000000000000000011110000000
00000000000000000000011110000000
00000000000000000000011110000000
00000000000000000000011110000000
00000000000000000000011110000000
00000000000000000000001110000000
00000000000000000000000110000000
00000000000000000000000000000000
00000000000000000000000000000000