1
00000000000000000000000000000000
00000000000000000000000000000000
00000000000000000000000000000000
00000000000000111100000000000000
00000000000001111100000000000000
00000000000011111100000000000000
00000000001111111100000000000000
00000000011111111100000000000000
00000000111111111100000000000000
00000001111110011100000000000000
00000011111100011100000000000000
00000111111000011100000000000000
00001111110000011100000000000000
00011111100000011100000000000000
00011111000000011100000000000000
00011110000000011100000000000000
00011100000000011100000000000000
00000000000000011100000000000000
00000000000000011100000000000000
00000000000000011100000000000000
00000000000000011100000000000000
00000000000000011100000000000000
00000000000000011100000000000000
00000000000000011100000000000000
00000000000000011100000000000000
00000000000000011100000000000000
00000000000111111111111111111111
00001111111111111111111111111111
00011111111111111111111111111111
00011111111111111100000000000000
00011100000000111000000000000000
00001000000000000000000000000000