6
00000000000000000000000000000000
00000000000000000000000000000000
00000000000000000000000000000000
00000000000000000000000000000000
00000000000000000000000000000000
00000000000000000000000000000000
00000000000000000000000000000000
00000000000000000000000000000000
00000000000001111111000000000000
00000000000011000000000000000000
00000000000110000000000000000000
00000000001100000000000000000000
00000000001000000000000000000000
00000000011000000000000000000000
00000000010000000000000000000000
00000000010000000000000000000000
00000000010000000000000000000000
00000000011111111111100000000000
00000000010000000000100000000000
00000000011000000000100000000000
00000000011000000000100000000000
00000000001100000000100000000000
00000000000110000001100000000000
00000000000011100011000000000000
00000000000000111111000000000000
00000000000000000000000000000000
00000000000000000000000000000000
00000000000000000000000000000000
00000000000000000000000000000000
00000000000000000000000000000000
00000000000000000000000000000000
00000000000000000000000000000000