2
00000000000000000000000000000000
00000000000000000000000000000000
00000000001000000000000000000000
00000000011111000000000000000000
00000000001111111000000000000000
00000000000000111110000000000000
00000000000000001111100000000000
00000000000000000001110000000000
00000000000000000000111000000000
00000000000000000000011100000000
00000000000000000000001100000000
00000000000000000000001100000000
00000000000000000000001110000000
00000000000000000000000110000000
00000000000000000000000110000000
00000000000000000000000110000000
00000000000000000000000111000000
00000000000000000000000011000000
00000000000000000000000011000000
00000000000000000000000011000000
00000000000000000000000011000000
00000000000001111111100111000000
00000000000011111111111110000000
00000000000011000000111111000000
00000000000011100001111111100000
00000000000001111111111001110000
00000000000000111111000000111000
00000000000000000000000000011100
00000000000000000000000000000000
00000000000000000000000000000000
00000000000000000000000000000000
00000000000000000000000000000000