2
00000000000000000000000000000000
00000000000000000000000000000000
00000000000000000000000000000000
00000000000000000000000000000000
00000000000111111000000000000000
00000000001110011100000000000000
00000000010000001100000000000000
00000000000000001100000000000000
00000000000000001100000000000000
00000000000000001100000000000000
00000000000000001100000000000000
00000000000000001100000000000000
00000000000000011000000000000000
00000000000000011000000000000000
00000000000000111000000000000000
00000000000000110000000000000000
00000000000000110000000000000000
00000000000000100000000000000000
00000000000001100000000000000000
00000000000001000000000000000000
00000000000011000000000000000000
00000000000010000000000000000000
00000000000110000000000000000000
00000000000110000000000000000000
00000000001100000000000000000000
00000000001100000000000000000000
00000000001100000000000000000000
00000000001101111111000000000000
00000000001111110001110000000000
00000000000000000000010000000000
00000000000000000000000000000000
00000000000000000000000000000000