0
00000000000000000000000000000000
00000000000000000000000000000000
00000000000000000000000000000000
00000000000001111111000000000000
00000000000111111111100000000000
00000000011110000001110000000000
00000000111100000000110000000000
00000000110000000000011000000000
00000000110000000000011100000000
00000001100000000000001100000000
00000001100000000000001110000000
00000001100000000000000110000000
00000001100000000000000011000000
00000011000000000000000011000000
00000011000000000000000001100000
00000011000000000000000001100000
00000011000000000000000001100000
00000011000000000000000001100000
00000011000000000000000001100000
00000011000000000000000001100000
00000011000000000000000001100000
00000011000000000000000001100000
00000011000000000000000001100000
00000001100000000000000011100000
00000001110000000000000011000000
00000000111000000000000111000000
00000000111110000000011110000000
00000000001111111101111100000000
00000000000011111111110000000000
00000000000000000000000000000000
00000000000000000000000000000000
00000000000000000000000000000000