4
00000000000000000000000000000000
00000000000000000000000000000000
00000000000000000000000000000000
00000000000000000000000000000000
00000001100000000011000000000000
00000001110000000111000000000000
00000001110000000111000000000000
00000001110000000111000000000000
00000001110000000111000000000000
00000001110000000111000000000000
00000001110000000111000000000000
00000001110000000111000000000000
00000001110000000111000000000000
00000001110000000111000000000000
00000001110000000111000000000000
00000000111000000011000000000000
00000000111111111111100000000000
00000000011111111111110000000000
00000000000000000111110000000000
00000000000000000111000000000000
00000000000000000111000000000000
00000000000000000111000000000000
00000000000000000111000000000000
00000000000000000111000000000000
00000000000000000111000000000000
00000000000000000111000000000000
00000000000000000111000000000000
00000000000000000111000000000000
00000000000000000011000000000000
00000000000000000000000000000000
00000000000000000000000000000000
00000000000000000000000000000000