0
00000000000000000000000000000000
00000000000000000000000000000000
00000000000000000000000000000000
00000000000000000000000000000000
00000000000000000000000000000000
00000000000000000010000000000000
00000000000011111101000000000000
00000000000110000010100000000000
00000000000100000000100000000000
00000000001000000000100000000000
00000000011000000000110000000000
00000000010000000000010000000000
00000000010000000000010000000000
00000000010000000000010000000000
00000000010000000000010000000000
00000000010000000000010000000000
00000000010000000000010000000000
00000000010000000000010000000000
00000000010000000000010000000000
00000000010000000000100000000000
00000000011000000000100000000000
00000000001000000001100000000000
00000000001100000001000000000000
00000000000011111111000000000000
00000000000000000000000000000000
00000000000000000000000000000000
00000000000000000000000000000000
00000000000000000000000000000000
00000000000000000000000000000000
00000000000000000000000000000000
00000000000000000000000000000000
00000000000000000000000000000000