6
00000000000000000000000000000000
00000000000000000000000000000000
00000000000000000000000000000000
00000000000000000000000000000000
00000000000000000000000000000000
00000000000000000000000000000000
00000000000000000000111000000000
00000000000000000111000000000000
00000000000000011000000000000000
00000000000000100000000000000000
00000000000001000000000000000000
00000000000010000000000000000000
00000000000010000000000000000000
00000000000010000000000000000000
00000000000010111110000000000000
00000000000101100001100000000000
00000000000110000000010000000000
00000000000100000000001000000000
00000000001100000000001000000000
00000000001000000000000100000000
00000000001000000000000100000000
00000000001000000000000100000000
00000000001000000000000100000000
00000000001000000000000100000000
00000000001000000000001100000000
00000000001000000000011000000000
00000000000100000000110000000000
00000000000110000011000000000000
00000000000001111110000000000000
00000000000000000000000000000000
00000000000000000000000000000000
00000000000000000000000000000000