2
00000000000000000000000000000000
00000000000000000001000000000000
00000000000000000000000000000000
00000000000000000000000000000000
00000000001011111111000000000000
00000000011111111111111100000000
00000000111010000000111111000000
00000000111000000000001111000000
00000000100000000000000011100100
00000000110000000000000011110000
00000000110000000000000001110000
00000000110000000000000001100000
00000000111000000000000011100000
00000000011000000000000001110000
00000000011100000000000001100000
00000000100000000000000001100000
00000000001000001000000011000000
00000000000001000110000011000100
00000000010000001001001010000100
00000000000000100010001110100000
00000000100011100000001100000000
00000000001111111100011101001000
00000000011100011111111001000000
00000000011000000011110000010000
00000000011000001101111010000000
00000000111111111010011100010000
00000000000111010000001110000000
00000000010001000000100111000010
00000000000100000000001010010000
00000000000000010000000100010000
00000000000001000000011000000000
00000000000000010100000000000000