9
00000000000000000000000000000000
00000000000000000000000000000000
00000000000000000000000000000000
00000000000111111000000000000000
00000000011111111100000000000000
00000000111100001111000000000000
00000011110000000011000000000000
00000111000000000011100000000000
00000110000000000001110000000000
00000110000000000000110000000000
00000110000000000001111000000000
00000110000000000011111000000000
00000110000000000011011000000000
00000110000000000111011000000000
00000110000000001110011000000000
00000111000000111100011000000000
00000011111111111000011000000000
00000001111111100000011000000000
00000000000000000000011000000000
00000000000000000000011000000000
00000000000000000000011000000000
00000000000000000000011000000000
00000000000000000000011000000000
00000000000000000000011000000000
00000000000000000000011000000000
00000000000000000000111000000000
00000000001111111111110000000000
00000000001111111111100000000000
00000000000000000000000000000000
00000000000000000000000000000000
00000000000000000000000000000000
00000000000000000000000000000000