5
00000000000000000000000000000000
00000000000000000000000000000000
00000000000000000000000000000000
00000000000000000000000000000000
00000000000000000000000000000000
00000000000000000000000000000000
00000000001111100000000000000000
00000000000100111111000000000000
00000000000100000000000000000000
00000000000100000000000000000000
00000000000100000000000000000000
00000000000100000000000000000000
00000000000100000000000000000000
00000000000100000000000000000000
00000000000100011111100000000000
00000000000111110000111000000000
00000000000110000000011000000000
00000000000000000000001100000000
00000000000000000000000100000000
00000000000000000000000100000000
00000000000000000000000110000000
00000000000000000000000010000000
00000000000000000000000110000000
00000000000000000000000110000000
00000000001000000000001100000000
00000000001110000001111000000000
00000000000111111111100000000000
00000000000000000000000000000000
00000000000000000000000000000000
00000000000000000000000000000000
00000000000000000000000000000000
00000000000000000000000000000000