6
00000000000000000000000000000000
00000000000000000000000000000000
00000000000000000000000000000000
00000000000011111111110000000000
00000000011110000000011000000000
00000000110000000000000000000000
00000011100000000000000000000000
00000110000000000000000000000000
00000100000000000000000000000000
00001100000000000000000000000000
00001100000000000000000000000000
00001100000000000000000000000000
00001100000000000000000000000000
00001111111100000000000000000000
00011100011111111100000000000000
00001100000000000111000000000000
00001100000000000001110000000000
00000100000000000000011000000000
00000110000000000000001000000000
00000010000000000000001100000000
00000011000000000000000100000000
00000001000000000000000100000000
00000000100000000000000100000000
00000000010000000000000100000000
00000000001100000000001100000000
00000000000111000000001000000000
00000000000001111111110000000000
00000000000000000000000000000000
00000000000000000000000000000000
00000000000000000000000000000000
00000000000000000000000000000000
00000000000000000000000000000000