8
00000000000000000000000000000000
00000000000000000000000000000000
00000000000000000000000000000000
00000000000000011110000000000000
00000000000001111111100000000000
00000000000011111111110000000000
00000000000011110011110000000000
00000000000011100001110000000000
00000000000011000001111000000000
00000000000011100000111000000000
00000000000011110000111100000000
00000000000011111000011100000000
00000000000001111100011100000000
00000000000000111110011100000000
00000000000000011111111000000000
00000000000000001111111000000000
00000000000000001111111000000000
00000000000000111111110000000000
00000000000011111111110000000000
00000000000111111001111000000000
00000000001111100000111000000000
00000000011111000000111000000000
00000000011110000000111000000000
00000000011100000000111000000000
00000000011110000001111000000000
00000000011111000111110000000000
00000000001111111111110000000000
00000000000111111111100000000000
00000000000001111100000000000000
00000000000000000000000000000000
00000000000000000000000000000000
00000000000000000000000000000000