5
00000000000000000000000000000000
00000000000000000000000000000000
00000000000000000000000000000000
00000111111111111111111111000000
00000111111111111111111111000000
00000111111111111111111111000000
00000011100000000000000000000000
00000011100000000000000000000000
00000011111111111110000000000000
00000011111111111111111110000000
00000011111111111111111110000000
00000000000000001111111111000000
00000000000000000000001111000000
00000000000000000000001111000000
00000000000000000000000111000000
00000000000000000000000111000000
00000000000000000000000111000000
00000000000000000000001111000000
00000000000000000000001111000000
00000000000000000000011110000000
00000000000000000000111110000000
00000000000000000001111110000000
00000000000000000011111100000000
00000000000000001111111000000000
00000111000011111111110000000000
00000111111111111111100000000000
00000111111111111110000000000000
00000111111111100000000000000000
00000000000000000000000000000000
00000000000000000000000000000000
00000000000000000000000000000000
00000000000000000000000000000000