5
00000000000000000000000000000000
00000000000000000000000000000000
00000000000000000000000000000000
00000000000000000000011110000000
00000000000000000111111111000000
00000000000111111111111111000000
00000000001111111111111110000000
00000000001111111111110000000000
00000000001111111100000000000000
00000000001111000000000000000000
00000000001111000000000000000000
00000000001111111111000000000000
00000000001111111111100000000000
00000000001111111111110000000000
00000000000111111111110000000000
00000000000000000011110000000000
00000000000000000011110000000000
00000000000000000011110000000000
00000000000000000011110000000000
00000000000000000011110000000000
00000011000000000111110000000000
00000111100000001111110000000000
00000111110011111111100000000000
00000111111111111111000000000000
00000011111111111100000000000000
00000001111111111000000000000000
00000000111111000000000000000000
00000000000000000000000000000000
00000000000000000000000000000000
00000000000000000000000000000000
00000000000000000000000000000000
00000000000000000000000000000000