8
00000000000000000000000000000000
00000000000000000000000000000000
00000000000000000000000000000000
00000000000111111110000000000000
00000000001111111111100000000000
00000001111111100111110000000000
00000011111111000001110000000000
00000011100000000000110000000000
00000011000000000001110000000000
00000011000000000011110000000000
00000011000000001111100000000000
00000011000000011111000000000000
00000011000000111100000000000000
00000011100011111000000000000000
00000011110111110000000000000000
00000001111111000000000000000000
00000000111110000000000000000000
00000000011111000000000000000000
00000000011111110000000000000000
00000000011011111000000000000000
00000000011000111100000000000000
00000000011100011110000000000000
00000000011110001111000000000000
00000000001111000111100000000000
00000000000111111011110000000000
00000000000001111111110000000000
00000000000000111111110000000000
00000000000000000111100000000000
00000000000000000000000000000000
00000000000000000000000000000000
00000000000000000000000000000000
00000000000000000000000000000000