9
00000000000000000000000000000000
00000000000000000000000000000000
00000000000000000000000000000000
00000000000000000000000000000000
00000000000000000000000000000000
00000000000000000000000000000000
00000000000000111000000000000000
00000000000001110100000000000000
00000000000001100110000000000000
00000000000011000110000000000000
00000000000010000110000000000000
00000000000110000110000000000000
00000000000100000010000000000000
00000000000100000011000000000000
00000000000100000011000000000000
00000000000100000011000000000000
00000000000100000011000000000000
00000000000110000011000000000000
00000000000011000011000000000000
00000000000001111110000000000000
00000000000000000010000000000000
00000000000000000010000000000000
00000000000000000010000000000000
00000000000000000010000000000000
00000000000000000010000000000000
00000000000000000010000000000000
00000000000000000010000000000000
00000000000000000010000000000000
00000000000000000010000000000000
00000000000000000010000000000000
00000000000000000000000000000000
00000000000000000000000000000000