1
00000000000001110000000000000000
00000000000011110000000000000000
00000000000011110000000000000000
00000000000011110000000000000000
00000000000011110000000000000000
00000000001111110000000000000000
00000000011111110000000000000000
00000000011111111000000000000000
00000000011111111100000000000000
00000000011101111100000000000000
00000000011100111100000000000000
00000000000000011100000000000000
00000000000000011100000000000000
00000000000000011100000000000000
00000000000000011100000000000000
00000000000000011100000000000000
00000000000000011100000000000000
00000000000000011110000000000000
00000000000000011110000000000000
00000000000000001110000000000000
00000000000000001110000000000000
00000000000000001110000000000000
00000000000000001110000000000000
00000000000000001110000000000000
00001111111111111111111111100000
00001111111111111111111111100000
00001111111111111111111111100000
00000000000000000000000000000000
00000000000000000000000000000000
00000000000000000000000000000000
00000000000000000000000000000000
00000000000000000000000000000000