5
00000000000000000000000000000000
00000000000000000000000000000000
00000000010000000000000000000000
00000000000000000000000000000000
00000000010000000000000000000000
00000000000100000000100000000000
00000000001111111111111000000000
00000000001111001101110000000000
00000000001100000000000000000000
00000000001100000000000000000000
00000000001100010000000000000000
00000000001101111110000000000000
00000000001111111111110000100000
00000000001110010001111100000010
00000000000000001100011110000000
00000000001010000001000111010000
00000000000000000000010011000000
00000000001100000010000111100000
00000000000000000000000011100000
00000000001100000000000011010000
00000000000000000010001110000000
00000000011000000000011100000000
00000000011110001001111100000000
00000000001111111111100010001000
00000000000000011100000000000000
00000000000000000000000000000000
00000000000000000000000000000000
00000000000000000000000000000000
00000000000000000000000000000000
00000000000000000000000000000000
00000000000000000000000000000000
00000000000000000000000000000000