3
00000000000000000000000000000000
00000000000000000000000000000000
00000000000000000000000000000000
00000000000000000000000000000000
00000000000000000000000000000000
00000000000011111111000000000000
00000000000100000000110000000000
00000000000100000000010000000000
00000000001000000000010000000000
00000000001000000000010000000000
00000000011000000000100000000000
00000000000000000000100000000000
00000000000000000000100000000000
00000000000000000001000000000000
00000000000000000001000000000000
00000000000000000010000000000000
00000000000000000010011110000000
00000000000000000111100001000000
00000000000000001100000001000000
00000000000000111000000001000000
00000000000000000000000001000000
00000000000000000000000001000000
00000000000000000000000001000000
00000000000000000000000001000000
00000000000000000000000001000000
00000000000000000000000010000000
00000000000000000000000100000000
00000001100000000000000100000000
00000000011110000000001000000000
00000000000001111111110000000000
00000000000000000000000000000000
00000000000000000000000000000000