5
00000000000000000000000000000000
00000000000000000000000000000000
00000000000000000000000000000000
00000000000000000000000000000000
00000000000100000000001000000000
00000000000111111111111000000000
00000000000100000000000000000000
00000000000100000000000000000000
00000000000100000000000000000000
00000000000100000000000000000000
00000000000100000000000000000000
00000000000100000000000000000000
00000000000111111110000000000000
00000000000100000011111000000000
00000000000000000000001100000000
00000000000000000000000100000000
00000000000000000000000100000000
00000000000000000000000100000000
00000000000000000000000100000000
00000000000000000000000100000000
00000000001100000000000100000000
00000000000100000000001100000000
00000000000110000000011000000000
00000000000011000000110000000000
00000000000001111111100000000000
00000000000000000000000000000000
00000000000000000000000000000000
00000000000000000000000000000000
00000000000000000000000000000000
00000000000000000000000000000000
00000000000000000000000000000000
00000000000000000000000000000000