8
00000000000000000000000000000000
00000000000000000000000000000000
00000000000000000000000000000000
00000000000000000000000000000000
00000000000000000000000000000000
00000000000000000000000000000000
00000000000111111111111000000000
00000000001111111111111110000000
00000000001111111111111110000000
00000000001111000000111110000000
00000000001110000000001110000000
00000000001110000000111110000000
00000000001111000001111110000000
00000000001111011111111110000000
00000000001111111111111000000000
00000000000111111111110000000000
00000000001111111100000000000000
00000000001111111110000000000000
00000000011111111111000000000000
00000000011110001111000000000000
00000000011110001111000000000000
00000000011110000111000000000000
00000000001110000111000000000000
00000000001111000111000000000000
00000000001111111111000000000000
00000000001111111111000000000000
00000000000111111111000000000000
00000000000000000000000000000000
00000000000000000000000000000000
00000000000000000000000000000000
00000000000000000000000000000000
00000000000000000000000000000000