1
00000000000000000000000000000000
00000000000000000000000000000000
00000000000000000000000000000000
00000000000000000000000000000000
00000000000000111000000000000000
00000000000000101000000000000000
00000000000001101000000000000000
00000000000011001000000000000000
00000000000110001000000000000000
00000000001100001000000000000000
00000000001100001000000000000000
00000000111000001000000000000000
00000000100000001000000000000000
00000000100000001000000000000000
00000000000000001000000000000000
00000000000000001000000000000000
00000000000000001000000000000000
00000000000000001000000000000000
00000000000000001000000000000000
00000000000000001000000000000000
00000000000000001000000000000000
00000000000000001000000000000000
00000000000000001000000000000000
00000000000000001000000000000000
00000000000000001000000000000000
00000000000000001000000000000000
00000000000000001000000000000000
00000000000000001000000000000000
00000000000000001000000000000000
00000001111111111111111111000000
00000000000000000000000000000000
00000000000000000000000000000000