9
00000000000000000000000000000000
00000000000000000000000000000000
00000000000000000000000000000000
00000000000111111100000000000000
00000000001111111110000000000000
00000000001111111110000000000000
00000000001111001110000000000000
00000000011110001110000000000000
00000000011110001110000000000000
00000000011110001111000000000000
00000000011100001111000000000000
00000000011110011111000000000000
00000000011111111111000000000000
00000000011111111111100000000000
00000000001111111111100000000000
00000000000111111111100000000000
00000000000000000011100000000000
00000000000000000011100000000000
00000000000000000011100000000000
00000000000000000011100000000000
00000000000000000011100000000000
00000000000000000011100000000000
00000000000000000011100000000000
00000000000000000011100000000000
00000000000000000011100000000000
00000000000000000011100000000000
00000000000000000000000000000000
00000000000000000000000000000000
00000000000000000000000000000000
00000000000000000000000000000000
00000000000000000000000000000000
00000000000000000000000000000000