2
00000000000000000000000000000000
00000000000000000000000000000000
00000000000000000000000000000000
00000000000000000000000000000000
00000000111111100000000000000000
00000011100000111100000000000000
00000100000000000110000000000000
00001100000000000011000000000000
00001000000000000001000000000000
00001000000000000001100000000000
00001000000000000000100000000000
00001000000000000000100000000000
00000000000000000000100000000000
00000000000000000000100000000000
00000000000000000000100000000000
00000000000000000000100000000000
00000000000000000000100000000000
00000000000000000001100000000000
00000000000000000001000000000000
00000000000000000011000000000000
00000000000000000010000000000000
00000000000000000110000000000000
00000000000000000100000000000000
00000000000000001100000000000000
00000011111111111000000000000000
00000110000000111100000000000000
00001100000000100011100000000000
00001000000001100000111000000000
00001000000111000000001110000000
00001000111100000000000011110000
00001111100000000000000000011000
00000000000000000000000000000000