1
00000000000000000000000000000000
00000000000000000000000000000000
00000000000001111100000000000000
00000000000111111100000000000000
00000000011111111000000000000000
00000001111110111000000000000000
00000011111000111000000000000000
00000111100000011000000000000000
00000111000000011000000000000000
00000000000000011000000000000000
00000000000000011100000000000000
00000000000000011100000000000000
00000000000000011100000000000000
00000000000000011100000000000000
00000000000000011100000000000000
00000000000000011100000000000000
00000000000000011100000000000000
00000000000000011100000000000000
00000000000000011100000000000000
00000000000000011100000000000000
00000000000000001100000000000000
00000000000000001110000000000000
00000000000000001110000000000000
00000000000000001110000000000000
00000000000000001110000000000000
00000000000000001110000000000000
00000000000000001110000000000000
00000001111111111111111111100000
00000011111111111111111111110000
00000001111111111110000000000000
00000000000000000000000000000000
00000000000000000000000000000000