5
00000000000000000000000000000000
00000000000000000000000000000000
00000000000011111111000000000000
00000000001111111111100000000000
00000000011111111111100000000000
00000001111111101111100000000000
00000001111110000011000000000000
00000001111100000000000000000000
00000000111000000000000000000000
00000000111100000000000000000000
00000000111000000000000000000000
00000000111000000000000000000000
00000000111100000000000000000000
00000001111111111111000000000000
00000000111111111111100000000000
00000001111111111111111100000000
00000000111110000001111110000000
00000000111100000000111110000000
00000000111100000000011111000000
00000000111000000000001111000000
00000000000000000000000111100000
00000000000000000000000011100000
00000000000000000000000011100000
00000000000000000000000011100000
00000000000000000000000111000000
00000000001110000000001111000000
00000000001110000000011110000000
00000000001111000001111100000000
00000000001111111111111100000000
00000000001111111111100000000000
00000000000000111000000000000000
00000000000000000000000000000000