4
00000000000000000000000000000000
00000000000000000000000000000000
00001100000000000000000000000000
00001110000000000001000000000000
00001110000000000011100000000000
00001110000000000011100000000000
00001110000000000011100000000000
00000110000000000011110000000000
00000111000000000011110000000000
00000111000000000011110000000000
00000111000000000011110000000000
00000111000000000001110000000000
00000111000000000001110000000000
00000111110000000001111111100000
00000011111111111111111111100000
00000011111111111111111111100000
00000000000111111110111000000000
00000000000000000000111000000000
00000000000000000000111000000000
00000000000000000000111000000000
00000000000000000000011000000000
00000000000000000000011000000000
00000000000000000000011100000000
00000000000000000000011100000000
00000000000000000000011100000000
00000000000000000000011100000000
00000000000000000000011100000000
00000000000000000000011000000000
00000000000000000000000000000000
00000000000000000000000000000000
00000000000000000000000000000000
00000000000000000000000000000000