0
00000000000000000000000000000000
00000000000000000000000000000000
00000000000000000000000000000000
00000000000000000000000000000000
00000000000000011110000000000000
00000000000000110001110000000000
00000000000011000000001100000000
00000000000110000000000110000000
00000000000100000000000011000000
00000000001000000000000001000000
00000000001000000000000001000000
00000000001000000000000000100000
00000000010000000000000000100000
00000000110000000000000000100000
00000000100000000000000000100000
00000001100000000000000000100000
00000001000000000000000000010000
00000001000000000000000000010000
00000001000000000000000000010000
00000001000000000000000000010000
00000001000000000000000000010000
00000001100000000000000000100000
00000000100000000000000000100000
00000000010000000000000000100000
00000000011000000000000000100000
00000000001100000000000001000000
00000000000011110000000110000000
00000000000000001111111000000000
00000000000000000000000000000000
00000000000000000000000000000000
00000000000000000000000000000000
00000000000000000000000000000000