4
00000000000000000000000000000000
00000000000000000000000000000000
00000000000000000000000000000000
00000000100000000000000000000000
00000000100000000000000011000000
00000000100000000000000011000000
00000001100000000000000010000000
00000001000000000000000010000000
00000001000000000000000010000000
00000001000000000000000010000000
00000011000000000000000010000000
00000010000000000000000010000000
00000010000000000000000010000000
00000110000000000000000010000000
00000100000000000000000110000000
00000100000000000000000110000000
00001100000000000000000100000000
00001000000000000000000100000000
00001000000000000000000100000000
00001000000000000000001100000000
00001000000000000000111111100000
00001100000001111111101000000000
00000111111111000000001000000000
00000000000000000000011000000000
00000000000000000000010000000000
00000000000000000000010000000000
00000000000000000000010000000000
00000000000000000000010000000000
00000000000000000000010000000000
00000000000000000000010000000000
00000000000000000000000000000000
00000000000000000000000000000000