1
00000000000000000000000000000000
00000000000000000000000000000000
00000000000000000000000000000000
00000000000000000000000000000000
00000000000000000000000000000000
00000000000000000000000000000000
00000000000000000110000000000000
00000000000000011110000000000000
00000000000000110010000000000000
00000000000111000010000000000000
00000000000000000010000000000000
00000000000000000010000000000000
00000000000000000010000000000000
00000000000000000100000000000000
00000000000000000100000000000000
00000000000000000100000000000000
00000000000000000100000000000000
00000000000000000100000000000000
00000000000000000100000000000000
00000000000000000100000000000000
00000000000000000100000000000000
00000000000000000100000000000000
00000000011111111111111000000000
00000000000000000100000000000000
00000000000000000000000000000000
00000000000000000000000000000000
00000000000000000000000000000000
00000000000000000000000000000000
00000000000000000000000000000000
00000000000000000000000000000000
00000000000000000000000000000000
00000000000000000000000000000000