6
00000000000000000000000000000000
00000000000000000000000000000000
00000000000000000000000000000000
00000000000000010000000000000000
00000000000000111000000000000000
00000000000001111000000000000000
00000000000001110000000000000000
00000000000001110000000000000000
00000000000011100000000000000000
00000000000011100000000000000000
00000000000111000000000000000000
00000000000111000000000000000000
00000000000111000000000000000000
00000000000110000000000000000000
00000000001110000000000000000000
00000000001110001111110000000000
00000000001110111111111100000000
00000000001111111111111100000000
00000000001111110000001110000000
00000000001111100000001110000000
00000000000111000000001110000000
00000000000111000000001110000000
00000000000111000000011100000000
00000000000111100000111100000000
00000000000111110001111000000000
00000000000001111111110000000000
00000000000000111111100000000000
00000000000000001100000000000000
00000000000000000000000000000000
00000000000000000000000000000000
00000000000000000000000000000000
00000000000000000000000000000000