8
00000000000000000000000000000000
00000000000000000000000000000000
00000000000000111111100000000000
00000000000111100000110000000000
00000000011100000000011000000000
00000000110000000000001000000000
00000000100000000000001000000000
00000000100000000000001000000000
00000000100000000000001000000000
00000000110000000000011000000000
00000000010000000000010000000000
00000000011000000000010000000000
00000000001100000000110000000000
00000000000111100001100000000000
00000000000011000111000000000000
00000000000001111100000000000000
00000000000000111001000000000000
00000000000001101110000000000000
00000000000011000011000000000000
00000000000110000001100000000000
00000000000100000000110001000000
00000000001100000000011000000000
00000000001100000000001000000000
00000000001000000000001000000000
00000000011000000000001000000000
00000000010000000000001000000000
00000000010000000000011000000000
00000000010000000000011000000000
00000000011000000001110000000000
00000000001111111111000000000000
00000000000000000000000000000000
00000000000000000000000000000000