4
00000000000000000000000000000000
00000000000000000000000000000000
00000000000000000000000000000000
00001110000000000000001110000000
00001110000000000000001110000000
00001110000000000000001110000000
00001111000000000000001110000000
00001111000000000000001110000000
00001111000000000000001110000000
00000111000000000000001110000000
00000111000000000000001110000000
00000111000000000000001111100000
00000111110000000000001111100000
00000111111111000000011111100000
00000111111111111111111111100000
00000001111111111111111111000000
00000000000111111111111111100000
00000000000000000000000111100000
00000000000000000000000011100000
00000000000000000000000011100000
00000000000000000000000011100000
00000000000000000000000011100000
00000000000000000000000011100000
00000000000000000000000011100000
00000000000000000000000011100000
00000000000000000000000011100000
00000000000000000000000011100000
00000000000000000000000011100000
00000000000000000000000011100000
00000000000000000000000011100000
00000000000000000000000011100000
00000000000000000000000000000000