2
00000000000000000000000000000000
00000000000000000000000000000000
00000000000111111111000000000000
00000000111111111111100000000000
00000011111100000001110000000000
00000111100000000000111000000000
00000110000000000000011100000000
00000000000000000000001110000000
00000000000000000000000110000000
00000000000000000000000110000000
00000000000000000000000111000000
00000000000000000000000011000000
00000000000000000000000011000000
00000000000000000000000011000000
00000000000000000000000011000000
00000000000000000000000111000000
00000000000000000000000110000000
00000000000000000000000110000000
00000000000000000000000110000000
00000000000000000000001110000000
00000000000000111100001100000000
00000000000011111111011100000000
00000000000111100111111000000000
00000000001110000001111000000000
00000000001100000001111110000000
00000000001100000011101111100000
00000000001110000111000011110000
00000000000111111111000000111000
00000000000011111100000000011100
00000000000000000000000000000000
00000000000000000000000000000000
00000000000000000000000000000000