6
00000000000000000000000000000000
00000000000000000000000000000000
00000000000000000000000000000000
00000000000000000000000000000000
00000000000000000000000000000000
00000000000111111111100000000000
00000000001111101111111000000000
00000000111100000000111000000000
00000001110000000000000000000000
00000011100000000000000000000000
00000011000000000000000000000000
00000011000000000000000000000000
00000110000000000000000000000000
00000110000000000000000000000000
00000110000000000000000000000000
00000110000000000000000000000000
00000010000011111111110000000000
00000011000111110011111000000000
00000011001110000000011100000000
00000011011100000000001100000000
00000001111000000000001100000000
00000001111000000000001100000000
00000001110000000000011000000000
00000000111000000000111000000000
00000000011100000011110000000000
00000000001111111111100000000000
00000000000111111100000000000000
00000000000000000000000000000000
00000000000000000000000000000000
00000000000000000000000000000000
00000000000000000000000000000000
00000000000000000000000000000000