6
00000000000000000000000000000000
00000000000000000000000000000000
00000000000000000000000000000000
00000000000000000000000000000000
00000000000000000000000000000000
00000000000000000000000000000000
00000000000000000000000000000000
00000000000000000000000000000000
00000000000000001000000000000000
00000000000000011000000000000000
00000000000000110000000000000000
00000000000001100000000000000000
00000000000001000000000000000000
00000000000011000000000000000000
00000000000010000000000000000000
00000000000010000000000000000000
00000000000010111100000000000000
00000000000011101111110000000000
00000000000110000000010000000000
00000000000110000000010000000000
00000000000010000000010000000000
00000000000011000000110000000000
00000000000011000000100000000000
00000000000001110001100000000000
00000000000000011111000000000000
00000000000000000000000000000000
00000000000000000000000000000000
00000000000000000000000000000000
00000000000000000000000000000000
00000000000000000000000000000000
00000000000000000000000000000000
00000000000000000000000000000000