9
00000000000000000000000000000000
00000000000000000000000000000000
00000000000000000000000000000000
00000000001100000000000000000000
00000000111111000000000000000000
00000001100001110000000000000000
00000001000000010000000000000000
00000011000000011000000000000000
00000010000000011000000000000000
00000010000000011000000000000000
00000010000000010000000000000000
00000010000000010000000000000000
00000011000000010000000000000000
00000001110000110000000000000000
00000000011111110000000000000000
00000000000000010000000000000000
00000000000000010000000000000000
00000000000000010000000000000000
00000000000000010000000000000000
00000000000000010000000000000000
00000000000000010000000000000000
00000000000000010000000000000000
00000000000000010000000000000000
00000000000000010000000000000000
00000000000000010000000000000000
00000000000000010000000000000000
00000000000000010000000000000000
00000000000000010000000000000000
00000000000000010000000000000000
00000000000000010000000000000000
00000000000000000000000000000000
00000000000000000000000000000000