4
00000000000000000000000000000000
00000000000000000000000000000000
00000000000000000000000000000000
00000000000000000000111000000000
00000000000001110000111000000000
00000000000001110000111000000000
00000000000001110000111000000000
00000000000011110000111100000000
00000000000011110000111100000000
00000000000111110000011100000000
00000000000111100000011100000000
00000000000111100000011100000000
00000000000111000000011100000000
00000000000111111111111100000000
00000000000111111111111100000000
00000000000111111111111100000000
00000000000000000000011100000000
00000000000000000000011100000000
00000000000000000000011100000000
00000000000000000000011100000000
00000000000000000000011100000000
00000000000000000000111100000000
00000000000000000000111100000000
00000000000000000000111100000000
00000000000000000000111000000000
00000000000000000000111000000000
00000000000000000000111000000000
00000000000000000000111000000000
00000000000000000000111000000000
00000000000000000000000000000000
00000000000000000000000000000000
00000000000000000000000000000000