0
00000000000000000000000000000000
00000000000000001000100000000000
00000000000000110000000000000000
00000000000000001001000000000000
00000000000000010000000000000000
00000000000011111111000100000000
00000000011111000011110000000000
00000000011100000100111100000000
00000000110000000000001110000000
00000000110000000000001111001001
00000000110000000000000011100000
00000000110000000000000000110000
00000000100000000000000010111000
00000000110000000000000000111000
00000000111000000000000000011010
00000000110000000000000000001101
00000000110000000000000010101100
00000000111101010000000000001100
00000000011010100000000000011100
00000000011000000000000010011100
00000000001100010000000000011000
00000000011110000000000001111000
00000000001111110000000001110000
00000000100001110000001111000000
00000000000000111111111100000000
00000000000000011111110000000000
00000000000000000000000000000000
00000000000000001100000000000000
00000000000000000000000000000000
00000000000000000000000000000000
00000000000000001000000000000000
00000000000000000000000000000000