9
00000000000000000000000000000000
00000000000000000000000000000000
00000000000000000000000000000000
00000000000000000000000000000000
00000000000000000000000000000000
00000000011111111111100000000000
00000000011000000000100000000000
00000000001000000000100000000000
00000000001000000000100000000000
00000000001000000000100000000000
00000000001000000000100000000000
00000000001000000000100000000000
00000000001000000000100000000000
00000000001111111111100000000000
00000000000000000000100000000000
00000000000000000000100000000000
00000000000000000000100000000000
00000000000000000000100000000000
00000000000000000000100000000000
00000000000000000000100000000000
00000000000000000000100000000000
00000000000000000000100000000000
00000000000000000000100000000000
00000000000000000000100000000000
00000000000000000000100000000000
00000000000000000000100000000000
00000000000000000000000000000000
00000000000000000000000000000000
00000000000000000000000000000000
00000000000000000000000000000000
00000000000000000000000000000000
00000000000000000000000000000000