2
00000000000000000000000000000000
00000000000000000000000000000000
00000000000000000000000000000000
00000000000000000000000000000000
00000000000011111110000000000000
00000000001110000011000000000000
00000000011000000001100000000000
00000000110000000000100000000000
00000000100000000000100000000000
00000000000000000000100000000000
00000000000000000000100000000000
00000000000000000001100000000000
00000000000000000001000000000000
00000000000000000001000000000000
00000000000000000011000000000000
00000000000000000010000000000000
00000000000000000110000000000000
00000000000000000100000000000000
00000000000000001000000000000000
00000000000000011000000000000000
00000000000000110000000000000000
00000000000001100000000000000000
00000000000011000000000000000000
00000000000100000000000000000000
00000000001111111111111000000000
00000000000000000000000000000000
00000000000000000000000000000000
00000000000000000000000000000000
00000000000000000000000000000000
00000000000000000000000000000000
00000000000000000000000000000000
00000000000000000000000000000000