0
00000000000000000000000000000000
00000000000000000000000000000000
00000000000000000000000000000000
00000000000000000000000000000000
00000000000000000000000000000000
00000000000001111110000000000000
00000000000111000011000000000000
00000000001100000001000000000000
00000000001000000001100000000000
00000000011000000000100000000000
00000000010000000000110000000000
00000000010000000000010000000000
00000000110000000000011000000000
00000000100000000000001000000000
00000000100000000000001000000000
00000000100000000000001000000000
00000000100000000000001000000000
00000000100000000000001000000000
00000000010000000000001000000000
00000000010000000000011000000000
00000000010000000000010000000000
00000000011000000000010000000000
00000000001000000000010000000000
00000000001000000000110000000000
00000000000100000001100000000000
00000000000111111111000000000000
00000000000000000000000000000000
00000000000000000000000000000000
00000000000000000000000000000000
00000000000000000000000000000000
00000000000000000000000000000000
00000000000000000000000000000000