8
00000000000000000000000000000000
00000000000000000111000000000000
00000000000000001111100000000000
00000000000000011000110000000000
00000000000000110000010000000000
00000000000000100000001000000000
00000000000001100000001000000000
00000000000001000000001000000000
00000000000001000000001000000000
00000000000001000000001000000000
00000000000000100000011000000000
00000000000000110001110000000000
00000000000000011111000000000000
00000000000000011100000000000000
00000000000001111100000000000000
00000000000010000110000000000000
00000000001110000011000000000000
00000000011000000001000000000000
00000000110000000001100000000000
00000001000000000000100000000000
00000011000000000000100000000000
00000010000000000000100000000000
00000110000000000000100000000000
00001100000000000001100000000000
00001000000000000001000000000000
00001000000000000001000000000000
00001000000000000011000000000000
00001110000000000010000000000000
00000001100000001110000000000000
00000000111111111000000000000000
00000000000000000000000000000000
00000000000000000000000000000000