9
00000000000000000000000000000000
00000000000000000000000000000000
00000000000000000000000000000000
00000000000000000000000000000000
00000000000000111111111000000000
00000000000011111101111110000000
00000000000111100000001110000000
00000000001110000000001100000000
00000000001100000000001100000000
00000000011000000000011100000000
00000000011000000000011100000000
00000000011000000000111110000000
00000000011000000011110110000000
00000000011100000111100110000000
00000000001110011110000110000000
00000000000111111100000100000000
00000000000001100000000100000000
00000000000000000000000100000000
00000000000000000000001100000000
00000000000000000000001100000000
00000000000000000000001100000000
00000000000000000000000100000000
00000000000000000000000100000000
00000000000000000000000110000000
00000000000000000000000110000000
00000000000000000000000110000000
00000000000000000000000000000000
00000000000000000000000000000000
00000000000000000000000000000000
00000000000000000000000000000000
00000000000000000000000000000000
00000000000000000000000000000000