6
00000000000000000000000000000000
00000000000000000000000000000000
00000000000000000000000000000000
00000000000011100000000000000000
00000000000111100000000000000000
00000000000110000000000000000000
00000000001110000000000000000000
00000000001100000000000000000000
00000000001100000000000000000000
00000000011100000000000000000000
00000000011000000000000000000000
00000000011000000000000000000000
00000000011111000000000000000000
00000000111111110000000000000000
00000000110001111000000000000000
00000000110000011100000000000000
00000000110000001110000000000000
00000000110000000110000000000000
00000000110000000111000000000000
00000000110000000011000000000000
00000000110000000011100000000000
00000000110000000001100000000000
00000000110000000001100000000000
00000000110000000001100000000000
00000000111000000011100000000000
00000000011110000011000000000000
00000000001111111111000000000000
00000000000011111110000000000000
00000000000000000000000000000000
00000000000000000000000000000000
00000000000000000000000000000000
00000000000000000000000000000000