9
00000000000000000000000000000000
00000000000000000000000000000000
00000000000011111000000000000000
00000000000010000111100000000000
00000000000100000000111000000000
00000000000100000000011000000000
00000000001100000000001000000000
00000000001000000000011000000000
00000000001100000000011000000000
00000000000100000000010100000000
00000000000110000000010100000000
00000000000011000001100110000000
00000000000001100110000010000000
00000000000000011000000010000000
00000000000000000000000010000000
00000000000000000000000010000000
00000000000000000000000010000000
00000000000000000000000100000000
00000000000000000000000100000000
00000000000000000000000100000000
00000000000000000000000100000000
00000000100000000000000100000000
00000000110000000000001000000000
00000000011000000000011000000000
00000000000100000000010000000000
00000000000011000001110000000000
00000000000000111110000000000000
00000000000000000000000000000000
00000000000000000000000000000000
00000000000000000000000000000000
00000000000000000000000000000000
00000000000000000000000000000000