5
00000000000000000000000000000000
00000000000000000000000000000000
00000000000000000000000000000000
00000011000000000000000000000000
00000111111111110000000000000000
00000111111111111111100000000000
00000110000000011111110000000000
00000110000000000000000000000000
00000110000000000000000000000000
00000110000000000000000000000000
00000110000000000000000000000000
00000110000000000000000000000000
00000110000000000000000000000000
00000110011111111000000000000000
00000111111111111100000000000000
00000111110000001111000000000000
00000000000000000011000000000000
00000000000000000011100000000000
00000000000000000001100000000000
00000000000000000001110000000000
00000000000000000000110000000000
00000000000000000000110000000000
00000000000000000000110000000000
00000001000000000001110000000000
00000011110000000001100000000000
00000001111110001111100000000000
00000000011111111111000000000000
00000000000011111000000000000000
00000000000000000000000000000000
00000000000000000000000000000000
00000000000000000000000000000000
00000000000000000000000000000000