3
00000000000000000000000000000000
00000000000000000000000000000000
00000000000000000000000100000000
00000000000000000000000000000000
00000000000000000001100000000000
00000000000000000000000100000000
00000000000000000000000000000000
00000000000001111111110000000000
00000000011111111111111000000000
00000001111100000100011000000000
00000011000000000000111000000000
00000000000000001001100000000000
00000000000000000111100000000000
00000000000000000111001000000000
00000000000000001010100000000000
00000000000000111111110000000000
00000000000111111111111110010000
00000000000111100000001111100000
00000000000000000000000001111000
00000000000000000000000000110100
00000000000000000000000010110000
00000000000000000000000001101001
00000000000000000000000011000000
00000000000000000000001110110000
00000000000000000000111100000000
00000000111000000111110000000000
00000000111111111110000000000000
00000000001111111100000000000000
00000000000000000001100000000000
00000000000000000000000000000000
00000000000000000000000000000000
00000000000000000000000000000000