0
00000000000000000000000000000000
00000000000000000000000000000000
00000000000000000000000000000000
00000000000000000000000000000000
00000000000000000000000000000000
00000000000000000000000000000000
00000000000001111111100000000000
00000000000111000001111000000000
00000000000110000001100000000000
00000000001100000000110000000000
00000000011000000000010000000000
00000000011000000000010000000000
00000000010000000000011000000000
00000000010000000000011000000000
00000000110000000000001000000000
00000000110000000000001000000000
00000000100000000000001000000000
00000000100000000000011000000000
00000000100000000000011000000000
00000000100000000000010000000000
00000000100000000000110000000000
00000000110000000001110000000000
00000000011000011111000000000000
00000000011111111000000000000000
00000000000000000000000000000000
00000000000000000000000000000000
00000000000000000000000000000000
00000000000000000000000000000000
00000000000000000000000000000000
00000000000000000000000000000000
00000000000000000000000000000000
00000000000000000000000000000000