9
00000000000000000000000000000000
00000000000000000000000000000000
00000000000000000000000000000000
00000000000000000000000000000000
00001111111111111100000000000000
00001111111111111111100000000000
00001111111111111111110000000000
00001110000000011111111100000000
00001110000000000011111100000000
00001110000000000011111100000000
00001110000000000011111100000000
00001111110000011111111100000000
00001111110000011111111100000000
00001111111110011111111100000000
00000001111111111100011100000000
00000001111111111100011100000000
00000000001111111100011100000000
00000000000000000000011100000000
00000000000000000000011100000000
00000000000000000000011100000000
00000000000000000000011100000000
00000000000000000000011100000000
00000000000000000000011100000000
00000000000000000000011100000000
00000000000000000000011100000000
00000000000000000000011100000000
00000000000000000000011100000000
00000000000000000000011100000000
00000000000000000000000000000000
00000000000000000000000000000000
00000000000000000000000000000000
00000000000000000000000000000000