0
00000000000000000000000000000000
00000000000000000000000000000000
00000000000000000000000000000000
00000000000000000000000000000000
00000000000001110000000000000000
00000000000111110000000000000000
00000000011000011100000000000000
00000000110000000110000000000000
00000000100000000001000000000000
00000001000000000000100000000000
00000011000000000000010000000000
00000010000000000000010000000000
00000010000000000000001000000000
00000100000000000000001100000000
00000100000000000000000100000000
00000100000000000000000100000000
00000100000000000000000100000000
00000100000000000000000010000000
00000100000000000000000010000000
00000100000000000000000010000000
00000100000000000000000010000000
00000100000000000000000010000000
00000010000000000000000100000000
00000010000000000000000100000000
00000001000000000000001000000000
00000001100000000000010000000000
00000000100000000000100000000000
00000000010000000011000000000000
00000000011000001100000000000000
00000000001111110000000000000000
00000000000000000000000000000000
00000000000000000000000000000000