1
00000000000000000000000000000000
00000000000000000000000000000000
00000000000000000000000000000000
00000000000000000000000000000000
00000000000000010000000000000000
00000000000000010000000000000000
00000000000001110000000000000000
00000000000011110000000000000000
00000000000111100000000000000000
00000000001110100000000000000000
00000000001100100000000000000000
00000000011000100000000000000000
00000000010001100000000000000000
00000000000001100000000000000000
00000000000001000000000000000000
00000000000001000000000000000000
00000000000001000000000000000000
00000000000001000000000000000000
00000000000011000000000000000000
00000000000011000000000000000000
00000000011111111000000000000000
00000000000000000000000000000000
00000000000000000000000000000000
00000000000000000000000000000000
00000000000000000000000000000000
00000000000000000000000000000000
00000000000000000000000000000000
00000000000000000000000000000000
00000000000000000000000000000000
00000000000000000000000000000000
00000000000000000000000000000000
00000000000000000000000000000000