8
00000000000000000000000000000000
00000000000000000000000000000000
00000000000000000000000000000000
00000000000000111000000000000000
00000000000011101111100000000000
00000000000110000000110000000000
00000000001100000000011000000000
00000000011000000000001100000000
00000000110000000000000100000000
00000000100000000000000100000000
00000001100000000000000100000000
00000001000000000000000100000000
00000001000000000000001100000000
00000001000000000000111000000000
00000001100000001111100000000000
00000000111001111111000000000000
00000000001111100001110000000000
00000000000111000000011000000000
00000000000100000000001100000000
00000000001100000000000100000000
00000000001000000000000100000000
00000000011000000000000100000000
00000000010000000000000100000000
00000000010000000000001100000000
00000000010000000000011000000000
00000000010000000000110000000000
00000000011000000011100000000000
00000000001111111110000000000000
00000000000000000000000000000000
00000000000000000000000000000000
00000000000000000000000000000000
00000000000000000000000000000000