6
00000000000000000000000000000000
00000000000000000000000000000000
00000000000000000000000000000000
00000000000000000000000000000000
00000000000000000000000000000000
00000000000000000000000000000000
00000000000001111100000000000000
00000000000110000000000000000000
00000000001100000000000000000000
00000000011000000000000000000000
00000000110000000000000000000000
00000001100000000000000000000000
00000001000000000000000000000000
00000001000000000000000000000000
00000001000000000000000000000000
00000001000000000000000000000000
00000001000111110000000000000000
00000001001100011110000000000000
00000001001000000011100000000000
00000001010000000000110000000000
00000001010000000000011000000000
00000000100000000000001000000000
00000000100000000000001000000000
00000000010000000000001000000000
00000000011100000000001000000000
00000000000110000000011000000000
00000000000001111100110000000000
00000000000000000111100000000000
00000000000000000000000000000000
00000000000000000000000000000000
00000000000000000000000000000000
00000000000000000000000000000000