5
00000011111111111111111100000000
00000111111111111111111100000000
00000111111111111111111100000000
00000110000000000000000000000000
00000110000000000000000000000000
00000110000000000000000000000000
00000110000000000000000000000000
00000110000000000000000000000000
00001110000000000000000000000000
00001110000000000000000000000000
00001110000000000000000000000000
00001110000000000000000000000000
00001100000000000000000000000000
00001100000000000000000000000000
00001100000000000000000000000000
00011100000000000000000000000000
00011111111111111111110000000000
00001111111111111111111000000000
00000111111111111111111100000000
00000000000000000000011100000000
00000000000000000000001110000000
00000000000000000000001110000000
00000000000000000000001110000000
00000000000000000000000110000000
00000000000000000000000111000000
00000000000000000000000111000000
00000000000000000000000111000000
00000000000000000000000111000000
00000000000000000000001110000000
00000111111111111111111110000000
00000111111111111111111000000000
00000111111111111111100000000000