8
00000000000000000000000000000000
00000000000000111100000000000000
00000000000011111111000000000000
00000000000111111111100000000000
00000000001111111111100000000000
00000000011111100111110000000000
00000000011111000011110000000000
00000000111110000011110000000000
00000000111100000001110000000000
00000000111000000001110000000000
00000000111100000011110000000000
00000000111100000111110000000000
00000000111110001111110000000000
00000000011111111111100000000000
00000000011111111111000000000000
00000000001111111110000000000000
00000000011111111111100000000000
00000000011111011111110000000000
00000000011110000111111000000000
00000000011100000011111000000000
00000000011100000001111000000000
00000000011100000000111000000000
00000000011110000000111000000000
00000000011110000001111000000000
00000000011111000011111000000000
00000000001111101111111000000000
00000000001111111111110000000000
00000000000111111111100000000000
00000000000011111110000000000000
00000000000000000000000000000000
00000000000000000000000000000000
00000000000000000000000000000000