8
00000000000000000000000000000000
00000000000000000000000000000000
00000000000000000000000000000000
00000000000000000000000000000000
00000000000000000000000000000000
00000000000000111000001100000000
00000000000011101111111100000000
00000000000110000001110000000000
00000000000100000001100000000000
00000000000100000111000000000000
00000000000100001110000000000000
00000000000100001100000000000000
00000000000100011000000000000000
00000000000111111000000000000000
00000000000001111000000000000000
00000000000001111110000000000000
00000000000001100011000000000000
00000000000011000011000000000000
00000000000010000001000000000000
00000000000110000001000000000000
00000000000100000001000000000000
00000000000100000001000000000000
00000000000110000001000000000000
00000000000110000001000000000000
00000000000011000001000000000000
00000000000001111111000000000000
00000000000000000000000000000000
00000000000000000000000000000000
00000000000000000000000000000000
00000000000000000000000000000000
00000000000000000000000000000000
00000000000000000000000000000000