4
00000000000000000000000000000000
00000000000000000000000000000000
00000000000000000000000000000000
00000000000000000000000000000000
00000000000000000000000000000000
00000000000000000000000000000000
00000000000010000000000000000000
00000000000111000110000000000000
00000000000110000110000000000000
00000000000110000110000000000000
00000000001110000110000000000000
00000000001100000110000000000000
00000000001100000110000000000000
00000000011000000010000000000000
00000000011000000011000000000000
00000000110000000011000000000000
00000000110000000011000000000000
00000001100111111111111100000000
00000001111111111011000000000000
00000011111000000011000000000000
00000011000000000011000000000000
00000110000000000001000000000000
00000000000000000001000000000000
00000000000000000001000000000000
00000000000000000001000000000000
00000000000000000001000000000000
00000000000000000001000000000000
00000000000000000001000000000000
00000000000000000000000000000000
00000000000000000000000000000000
00000000000000000000000000000000
00000000000000000000000000000000