6
00000000000000000000000000000000
00000000000000000100000000000000
00000000000000111110000000000000
00000000000001111110000000000000
00000000000111111000000000000000
00000000001111100000000000000000
00000000001110000000000000000000
00000000011110000000000000000000
00000000011100000000000000000000
00000000111100000000000000000000
00000000111000000000000000000000
00000000111000000000000000000000
00000001110000000000000000000000
00000001110000000000000000000000
00000011100000111000000000000000
00000011101111111111000000000000
00000011111111111111110000000000
00000011111110000011111000000000
00000011111000000000111000000000
00000011100000000000011100000000
00000011100000000000011100000000
00000011100000000000011100000000
00000001110000000000011100000000
00000001110000000000111000000000
00000000111000000000111000000000
00000000111100000011110000000000
00000000011111111111110000000000
00000000001111111111000000000000
00000000000011111100000000000000
00000000000000000000000000000000
00000000000000000000000000000000
00000000000000000000000000000000