4
00000000000000000000000000000000
00000000000000000000000000000000
00000000000000000000000000000000
00000000000000000001100000000000
00000000000000000001100000000000
00000000000000000001110000000000
00000000001100000000110000000000
00000000001100000000110000000000
00000000001100000000110000000000
00000000001100000000110000000000
00000000001100000000110000000000
00000000001100000000110000000000
00000000001100000000110000000000
00000000001110000000110000000000
00000000001110000000110000000000
00000000001111100000110000000000
00000000000111111111110000000000
00000000000001111111110000000000
00000000000000000000110000000000
00000000000000000000110000000000
00000000000000000000110000000000
00000000000000000000110000000000
00000000000000000000110000000000
00000000000000000000110000000000
00000000000000000000110000000000
00000000000000000000110000000000
00000000000000000000010000000000
00000000000000000000000000000000
00000000000000000000000000000000
00000000000000000000000000000000
00000000000000000000000000000000
00000000000000000000000000000000