6
00000000000000000000000000000000
00000000000000000000000000000000
00000000000000000000000000000000
00000000000000000000000000000000
00000000000000111100000000000000
00000000000001100000000000000000
00000000000011000000000000000000
00000000000110000000000000000000
00000000001100000000000000000000
00000000011000000000000000000000
00000000010000000000000000000000
00000000110000000000000000000000
00000000100000000000000000000000
00000001100000000000000000000000
00000001000000000000000000000000
00000001000000000000000000000000
00000001000000000000000000000000
00000011000000000000000000000000
00000011000000000000000000000000
00000011001111111110000000000000
00000011011000000011100000000000
00000001110000000001110000000000
00000001100000000000011000000000
00000001100000000000001100000000
00000000110000000000000100000000
00000000110000000000001100000000
00000000011100000000011000000000
00000000001110000001110000000000
00000000000011111111100000000000
00000000000000000000000000000000
00000000000000000000000000000000
00000000000000000000000000000000