5
00000000000000000000000000000000
00000000000000000000000000000000
00000000000000000000000000000000
00000001111111111111100000000000
00000001111111111111100000000000
00000001111111111111100000000000
00000001110000000000000000000000
00000001110000000000000000000000
00000001110000000000000000000000
00000001111111110000000000000000
00000000111111111000000000000000
00000000011111111110000000000000
00000000000000011111000000000000
00000000000000000111100000000000
00000000000000000011100000000000
00000000000000000011100000000000
00000000000000000001110000000000
00000000000000000001110000000000
00000000000000000001110000000000
00000000000000000001110000000000
00000000000000000011110000000000
00000000000000000011100000000000
00000110000000001111100000000000
00001111100001111111000000000000
00000111111111111100000000000000
00000001111111110000000000000000
00000000011110000000000000000000
00000000000000000000000000000000
00000000000000000000000000000000
00000000000000000000000000000000
00000000000000000000000000000000
00000000000000000000000000000000