8
00000000000000000000000000000000
00000000000000000000000000000000
00001111111111110000000000000000
00001111111111111000000000000000
00001111111111111110000000000000
00011110000000111111111100000000
00011110000000011111111100000000
00011110000000001111111111000000
00011100000000000000011111000000
00011100000000000000011111100000
00011100000000000000000111100000
00011110000000000000000111100000
00011110000000000000000111100000
00011111000000000000000111100000
00001111110000000000000111000000
00001111111000000000000111000000
00000111111111111111111111000000
00000000111111111111111111000000
00000000011111111111111111000000
00000011111100000000111111111100
00000011111100000000111111111100
00000011111100000000111111111100
00000011100000000000000000011100
00000011100000000000000000011100
00000011100000000000000000011100
00000011110000000000000000011100
00000011110000000000000000011100
00000011111111100000000000111100
00000001111111111111111111111100
00000001111111111111111111111100
00000000000011111111111111111000
00000000000000000000000000000000