9
00000000000000000000000000000000
00000000000000000000000000000000
00000000000000000000000000000000
00000000000000000000000000000000
00000000000000111110000000000000
00000000000001110010000000000000
00000000000011100010000000000000
00000000000011000010000000000000
00000000000110000010000000000000
00000000001100000010000000000000
00000000001100000010000000000000
00000000001000000110000000000000
00000000001100001110000000000000
00000000001100111010000000000000
00000000000111100010000000000000
00000000000000000010000000000000
00000000000000000010000000000000
00000000000000000010000000000000
00000000000000000010000000000000
00000000000000000010000000000000
00000000000000000010000000000000
00000000000000000010000000000000
00000000000000000010000000000000
00000000000000000010000000000000
00000000000000000010000000000000
00000000000000000010000000000000
00000000000000000000000000000000
00000000000000000000000000000000
00000000000000000000000000000000
00000000000000000000000000000000
00000000000000000000000000000000
00000000000000000000000000000000