6
00000000000000000000000000000000
00000000000000000000000000000000
00000001110000000000000000000000
00000001110000000000000000000000
00000001110000000000000000000000
00000001110000000000000000000000
00000001110000000000000000000000
00000001110000000000000000000000
00000001110000000000000000000000
00000001110000000000000000000000
00000001110000000000000000000000
00000001110000000000000000000000
00000001110000000000000000000000
00000001111111111111111110000000
00000001111111111111111110000000
00000001111111111111111110000000
00000001111000000000001110000000
00000001111000000000001110000000
00000001111000000000001110000000
00000001111000000000001111000000
00000001110000000000001111000000
00000011110000000000000111000000
00000011110000000000000111000000
00000011110000000000000111000000
00000011110000000000000111000000
00000011111000000000000111100000
00000011111111111111111111100000
00000001111111111111111111100000
00000000011111111111111111100000
00000000000000000000000000000000
00000000000000000000000000000000
00000000000000000000000000000000