4
00000000000000000000000000000000
00000000000000000000000000000000
00000000011110000000000000000000
00000000011110000000000000000000
00000000011110000000000000000000
00000000011100000000011100000000
00000000011100000000011100000000
00000000111100000000011100000000
00000001111100000000011100000000
00000001111100000000011100000000
00000001111000000000011100000000
00000011110000000000011100000000
00000011110000000000011100000000
00000011110000000000011100000000
00000011100000000000011100000000
00000011100000000000011100000000
00000011100000000000011100000000
00000011100000000000011100000000
00000011100000000000011100000000
00000011111111111111111100000000
00000011111111111111111100000000
00000011111111111111111100000000
00000000000000000000011100000000
00000000000000000000011100000000
00000000000000000000011100000000
00000000000000000000011100000000
00000000000000000000011100000000
00000000000000000000011100000000
00000000000000000000011100000000
00000000000000000000011100000000
00000000000000000000000000000000
00000000000000000000000000000000