4
00000000000000000000000000000000
00000000000000000000000000000000
00000000110000000000000000000000
00000000110000000011000000000000
00000000110000000011000000000000
00000001100000000011000000000000
00000001100000000011000000000000
00000001100000000011000000000000
00000001100000000111000000000000
00000001100000000111000000000000
00000001100000000111000000000000
00000001100000000110000000000000
00000001100000000110000000000000
00000001100000000110000000000000
00000001100000000110000000000000
00000001100000000110000000000000
00000001110111110110000000000000
00000001111111110110000000000000
00000000111110001110000000000000
00000000000000001100000000000000
00000000000000001100000000000000
00000000000000001100000000000000
00000000000000001100000000000000
00000000000000001100000000000000
00000000000000001100000000000000
00000000000000001100000000000000
00000000000000001100000000000000
00000000000000001100000000000000
00000000000000001100000000000000
00000000000000001100000000000000
00000000000000000100000000000000
00000000000000000000000000000000