0
00000000000000000000000000000000
00000000000000000000000000000000
00000000000000000000000000000000
00000000000000000000000000000000
00000000000000011111110000000000
00000000000111110000011000000000
00000000011100000000001100000000
00000001110000000000000110000000
00000011000000000000000011000000
00000110000000000000000001100000
00000100000000000000000000110000
00001100000000000000000000010000
00011000000000000000000000011000
00010000000000000000000000001000
00110000000000000000000000001000
00100000000000000000000000001000
00100000000000000000000000001000
00100000000000000000000000001000
00100000000000000000000000011000
00110000000000000000000000010000
00010000000000000000000000110000
00011000000000000000000001100000
00001100000000000000000001000000
00000110000000000000000111000000
00000011100000000000011100000000
00000000111100000001110000000000
00000000000111111111000000000000
00000000000000000000000000000000
00000000000000000000000000000000
00000000000000000000000000000000
00000000000000000000000000000000
00000000000000000000000000000000