4
00000000000000000000000000000000
00000000000000000000000000000000
00000000000000000000000000000000
00000000000000000000000000000000
00000000000000001000000000000000
00000000000000111000000000000000
00000000000001101000000000000000
00000000000111001000000000000000
00000000011100001000000000000000
00000000110000001000000000000000
00000011100000001000000000000000
00000111000000001000000000000000
00000001111100001000000000000000
00000000000111101000000000000000
00000000000000111110000000000000
00000000000000001011111000000000
00000000000000001100000000000000
00000000000000000100000000000000
00000000000000000100000000000000
00000000000000000100000000000000
00000000000000000100000000000000
00000000000000000100000000000000
00000000000000000100000000000000
00000000000000000100000000000000
00000000000000000100000000000000
00000000000000000100000000000000
00000000000000000100000000000000
00000000000000000100000000000000
00000000000000000000000000000000
00000000000000000000000000000000
00000000000000000000000000000000
00000000000000000000000000000000