8
00000000000000000000000000000000
00000000000000000000000000000000
00000000000000000000000000000000
00000000000001111000000000000000
00000000000111001110000000000000
00000000011100000011100000000000
00000000010000000000100000000000
00000000110000000000110000000000
00000000100000000000010000000000
00000000100000000000010000000000
00000000110000000000110000000000
00000000011000000000100000000000
00000000001111110111100000000000
00000000000000011111110000000000
00000000000000011000011100000000
00000000000000110000000110000000
00000000000001100000000010000000
00000000000110000000000010000000
00000000000100000000000010000000
00000000001100000000000110000000
00000000001000000000000100000000
00000000001000000000000100000000
00000000001000000000001000000000
00000000001000000000011000000000
00000000001100000001100000000000
00000000000110000111000000000000
00000000000011111100000000000000
00000000000000000000000000000000
00000000000000000000000000000000
00000000000000000000000000000000
00000000000000000000000000000000
00000000000000000000000000000000