8
00000000000000000000000000000000
00000000000000000000000000000000
00000000000000000000000000000000
00000000000000000000000000000000
00000000000000000000000000000000
00000000000000000000000000000000
00000000000001111111100000000000
00000000000011000001110000000000
00000000000110000011000000000000
00000000001100000001000000000000
00000000001000000001000000000000
00000000001000000011000000000000
00000000001100000110000000000000
00000000000110011100000000000000
00000000000111111000000000000000
00000000000011111111100000000000
00000000000010000000110000000000
00000000000010000000010000000000
00000000000010000000010000000000
00000000000010000000110000000000
00000000000011111111100000000000
00000000000000000000000000000000
00000000000000000000000000000000
00000000000000000000000000000000
00000000000000000000000000000000
00000000000000000000000000000000
00000000000000000000000000000000
00000000000000000000000000000000
00000000000000000000000000000000
00000000000000000000000000000000
00000000000000000000000000000000
00000000000000000000000000000000