2
00000000000000000000000000000000
00000000000000000000000000000000
00000000001111111000000000000000
00000000001100001100000000000000
00000000010000000010000000000000
00000000110000000010000000000000
00000000100000000011000000000000
00000000000000000011000000000000
00000000000000000011000000000000
00000000000000000011000000000000
00000000000000000011000000000000
00000000000000000011000000000000
00000000000000000010000000000000
00000000000000000100000000000000
00000000000000001100000000000000
00000000000000011000000000000000
00000000000000110000000000000000
00000000000001100000000000000000
00000000000011000000000000000000
00000000000110000000000000000000
00000000000110000000000000000000
00000000001100000000000000000000
00000000001100000000000000000000
00000000001000000000000000000000
00000000001000000000000000000000
00000000001000000000000000000000
00000000011000000000000000000000
00000000011111111110000000000000
00000000001000001111111000000000
00000000000000000000000000000000
00000000000000000000000000000000
00000000000000000000000000000000