6
00000000000000000000000000000000
00000000000000000000000000000000
00000000000000000000000000000000
00000000000000000000000000000000
00000000000000000111110000000000
00000000000000111000000000000000
00000000000001000000000000000000
00000000000001000000000000000000
00000000000010000000000000000000
00000000000010000000000000000000
00000000000100000000000000000000
00000000000100000000000000000000
00000000001000000000000000000000
00000000001000000000000000000000
00000000001001111110000000000000
00000000010110000011000000000000
00000000011100000001000000000000
00000000110000000000100000000000
00000000100000000000100000000000
00000001000000000000100000000000
00000001000000000000100000000000
00000001000000000001000000000000
00000001000000000001000000000000
00000001000000000011000000000000
00000001000000000110000000000000
00000001100000001100000000000000
00000000110001110000000000000000
00000000001111000000000000000000
00000000000000000000000000000000
00000000000000000000000000000000
00000000000000000000000000000000
00000000000000000000000000000000