4
00000000000000000000000000000000
00000000000000000000000000000000
00000000000000000000000000000000
00000111000000000001110000000000
00000111000000000001110000000000
00000111100000000001110000000000
00000111100000000001110000000000
00000011100000000001110000000000
00000011100000000001110000000000
00000011100000000001110000000000
00000011100000000001110000000000
00000011100000000001111000000000
00000011100000000001111000000000
00000011110000000001111000000000
00000011110000000001111111110000
00000001111111111111111111110000
00000001111111111111111111110000
00000001111111111111111000000000
00000000000000000000111000000000
00000000000000000000111000000000
00000000000000000000111000000000
00000000000000000000111000000000
00000000000000000000111000000000
00000000000000000000111000000000
00000000000000000000111000000000
00000000000000000000111000000000
00000000000000000000111000000000
00000000000000000000111000000000
00000000000000000000111000000000
00000000000000000000000000000000
00000000000000000000000000000000
00000000000000000000000000000000