2
00000000000000000000000000000000
00000000000000000000000000000000
00000000000000000000000000000000
00000000000000000000000000000000
00000111111110000000000000000000
00000000000011000000000000000000
00000000000001100000000000000000
00000000000000110000000000000000
00000000000000011000000000000000
00000000000000001000000000000000
00000000000000001100000000000000
00000000000000000100000000000000
00000000000000000110000000000000
00000000000000000010000000000000
00000000000000000010000000000000
00000000000000000010000000000000
00000000000000000010000000000000
00000000000000000010000000000000
00000000000000000010000000000000
00000000000011110010000000000000
00000000001110011110000000000000
00000000011000000110000000000000
00000000010000001111000000000000
00000000010000001000110000000000
00000000010000011000011000000000
00000000010000110000001110000000
00000000011001100000000011000000
00000000001111000000000000000000
00000000000000000000000000000000
00000000000000000000000000000000
00000000000000000000000000000000
00000000000000000000000000000000