7
00000000000000000000000000000001
00000000000000000000000000000001
00000000000000000000000000000001
00000000001111111111111000000001
00001111111111111111111111000001
00001111111100000000011111000001
00000000000000000000000111000001
00000000000000000000001111000001
00000000000000000000011110000001
00000000000000000000111100000001
00000000000000000001111000000001
00000000000000000001110000000001
00000000000000000111100000000001
00000000000000000111000000000001
00000000000000001110000000000001
00000000000000011100000000000001
00000000000000111000000000000001
00000000000001110000000000000001
00000000000111100000000000000001
00000000001111000000000000000001
00000001111110000000000000000001
00000111111000000000000000000001
00001111100000000000000000000001
00001110000000000000000000000001
00001100000000000000000000000001
00000000000000000000000000000001
00000000000000000000000000000001
00000000000000000000000000000001
00000000000000000000000000000001
00000000000000000000000000000001
00000000000000000000000000000001
00000000000000000000000000000001