8
00000000000000000000000000000000
00000000000000000000000000000000
00000000000000000000000000000000
00000000000000001111111110000000
00000000000001111111111110000000
00000000000111111111111111100000
00000000000111111110001111100000
00000000001111100000000111100000
00000000001111000000000011100000
00000000001111000000000011100000
00000000001110000000000111100000
00000000001111000000000111100000
00000000001111100000001111100000
00000000001111111000011111000000
00000000000111111101111111000000
00000000000011111111111100000000
00000000000000111111111000000000
00000000000000111111110000000000
00000000000111111111110000000000
00000000001111111111110000000000
00000000001111111011111000000000
00000000001111000001111000000000
00000000011110000001111100000000
00000000011110000000111100000000
00000000011100000000111100000000
00000000011100000000011100000000
00000000011110000000111100000000
00000000011110000001111100000000
00000000011111111111111100000000
00000000001111111111111000000000
00000000001111111111100000000000
00000000000000000000000000000000