6
00000000000000000000000000000000
00000000000000000000000000000000
00000000000000011111100000000000
00000000000001110000110000000000
00000000000111000000011000000000
00000000001100000000001100000000
00000000011000000000000100000000
00000000010000000000000000000000
00000000110000000000000000000000
00000000100000000000000000000000
00000001100000000000000000000000
00000001111111100000000000000000
00000011000000011100000000000000
00000011000000000011000000000000
00000010000000000001100000000000
00000010000000000000100000000000
00000010000000000000010000000000
00000100000000000000010000000000
00000100000000000000010000000000
00000100000000000000010000000000
00000100000000000000010000000000
00000100000000000000010000000000
00000100000000000000010000000000
00000100000000000000010000000000
00000100000000000000010000000000
00000100000000000000110000000000
00000100000000000001100000000000
00000111000000000111000000000000
00000001111101111100000000000000
00000000000111000000000000000000
00000000000000000000000000000000
00000000000000000000000000000000