6
00000000000000000000000000000000
00000000000000000000000000000000
00000000000000000000000000000000
00000000000000000000000000000000
00000000000000011000000000000000
00000000000011110000000000000000
00000000000110000000000000000000
00000000001100000000000000000000
00000000110000000000000000000000
00000001100000000000000000000000
00000001000000000000000000000000
00000011000000000000000000000000
00000110000000000000000000000000
00000100000000000000000000000000
00001100000000000000000000000000
00001000011111111110000000000000
00001001110000000011100000000000
00001011000000000000100000000000
00001010000000000000110000000000
00001110000000000000010000000000
00001110000000000000010000000000
00000110000000000000110000000000
00000011100000000001100000000000
00000000111100000011000000000000
00000000000111111110000000000000
00000000000000000000000000000000
00000000000000000000000000000000
00000000000000000000000000000000
00000000000000000000000000000000
00000000000000000000000000000000
00000000000000000000000000000000
00000000000000000000000000000000