4
00000000000000000000000000000000
00000000000000000000000000000000
00000000000100000000000000000000
00000000001110000011000000000000
00000000001110000011100000000000
00000000001110000011100000000000
00000000011100000011000000000000
00000000011100000111000000000000
00000000011100000111000000000000
00000000111000000111000000000000
00000000111000000111000000000000
00000000111000000111000000000000
00000000110000000111000000000000
00000001110000000111000000000000
00000001111111111111111110000000
00000001111111111111111110000000
00000001111111111111111100000000
00000000000000000111000000000000
00000000000000000111000000000000
00000000000000000111000000000000
00000000000000000111000000000000
00000000000000000111000000000000
00000000000000000111000000000000
00000000000000000111000000000000
00000000000000000111000000000000
00000000000000000111000000000000
00000000000000000000000000000000
00000000000000000000000000000000
00000000000000000000000000000000
00000000000000000000000000000000
00000000000000000000000000000000
00000000000000000000000000000000