8
00000000000000000000000000000000
00000000000000000000000000000000
00000000000111111111000000000000
00000000001111111111100000000000
00000000011111111111110000000000
00000000111111000111110000000000
00000001111100000011111000000000
00000011111000000001111000000000
00000011110000000000111000000000
00000011110000000001111000000000
00000011100000000001111000000000
00000011100000000011111000000000
00000011100000000111110000000000
00000011110000111111110000000000
00000011111011111111100000000000
00000011111111111111000000000000
00000001111111111000000000000000
00000000111111111111000000000000
00000000111111111111110000000000
00000000111100111111111000000000
00000000111000000011111100000000
00000000111100000001111100000000
00000000111100000000111100000000
00000000111100000000011100000000
00000000011110000000111100000000
00000000011111000000111100000000
00000000011111100011111100000000
00000000001111111111111000000000
00000000000111111111111000000000
00000000000011111111100000000000
00000000000000000000000000000000
00000000000000000000000000000000