4
00000000000000000000000000000000
00001110000000000000000000000000
00001110000000000110000000000000
00001110000000000110000000000000
00001110000000000111000000000000
00001110000000000111000000000000
00001110000000000111000000000000
00001110000000000111000000000000
00001110000000000111000000000000
00001110000000000111000000000000
00001110000000000111000000000000
00001110000000000011000000000000
00000110000000000011000000000000
00000110000000000011000000000000
00000111000111111111111111100000
00000111111111111111111111100000
00000011111111111111111111100000
00000011110000000011000000000000
00000000000000000011000000000000
00000000000000000111000000000000
00000000000000000111000000000000
00000000000000000111000000000000
00000000000000000111000000000000
00000000000000000111000000000000
00000000000000000111000000000000
00000000000000000111000000000000
00000000000000000111000000000000
00000000000000000011000000000000
00000000000000000011000000000000
00000000000000000000000000000000
00000000000000000000000000000000
00000000000000000000000000000000