8
00000000000000000000000000000000
00000000000000011111000000000000
00000000000000110111000000000000
00000000000001100001100000000000
00000000000001000000100000000000
00000000000010000000100000000000
00000000000010000000100000000000
00000000000010000001000000000000
00000000000010000001000000000000
00000000000010000011000000000000
00000000000010000110000000000000
00000000000011011000000000000000
00000000000001110000000000000000
00000000000011100000000000000000
00000000001100110000000000000000
00000000011000010000000000000000
00000001100000001100000000000000
00000011000000000110000000000000
00000010000000000011000000000000
00000110000000000001000000000000
00000100000000000001100000000000
00000100000000000000100000000000
00000100000000000000010000000000
00000100000000000000010000000000
00000110000000000000010000000000
00000010000000000000010000000000
00000010000000000000110000000000
00000010000000000001100000000000
00000010000000000111000000000000
00000011111111111100000000000000
00000000000000000000000000000000
00000000000000000000000000000000