4
00000000000000000000000000000000
00000000000000000000000000000000
00000000000000000000000000000000
00000000000000000011100000000000
00000000000000000011100000000000
00000001110000000011100000000000
00000001110000000011100000000000
00000001110000000011100000000000
00000001110000000011100000000000
00000001110000000011100000000000
00000001110000000011100000000000
00000001110000000011100000000000
00000001110000000011100000000000
00000001110000000011100000000000
00000001110000000011100000000000
00000001110000000011100000000000
00000001111000000011100000000000
00000001111111111111111100000000
00000001111111111111111100000000
00000000011111111111111100000000
00000000000000000011100000000000
00000000000000000011100000000000
00000000000000000011100000000000
00000000000000000011100000000000
00000000000000000011100000000000
00000000000000000000000000000000
00000000000000000000000000000000
00000000000000000000000000000000
00000000000000000000000000000000
00000000000000000000000000000000
00000000000000000000000000000000
00000000000000000000000000000000