8
00000000000000000000000000000000
00000000000000000000000000000000
00000000000000000000000000000000
00000000000000000000000000000000
00000000000000000000000000000000
00000000000000000000000000000000
00000000000000111110000000000000
00000000000111100011100000000000
00000000001100000001100000000000
00000000001000000001000000000000
00000000001100000001000000000000
00000000001100000011000000000000
00000000000111000011000000000000
00000000000011100110000000000000
00000000000001111100000000000000
00000000000011111100000000000000
00000000000110001111100000000000
00000000001100000000111000000000
00000000001000000000001100000000
00000000001000000000001100000000
00000000001100000000011100000000
00000000001100000000111000000000
00000000000101111111100000000000
00000000000111100000000000000000
00000000000000000000000000000000
00000000000000000000000000000000
00000000000000000000000000000000
00000000000000000000000000000000
00000000000000000000000000000000
00000000000000000000000000000000
00000000000000000000000000000000
00000000000000000000000000000000