8
00000000000000000000000000000000
00000000000000110000000000000000
00000000000001111100000000000000
00000000000111000110000000000000
00000000001100000011000000000000
00000000011000000001100000000000
00000000010000000000110000000000
00000000110000000000010000000000
00000000100000000000010000000000
00000000100000000000110000000000
00000000110000000000100000000000
00000000010000000001100000000000
00000000011000000001000000000000
00000000001101100011000000000000
00000000000111000110000000000000
00000000000001111100000000000000
00000000000000001111000000000000
00000000000000111111000000000000
00000000000001110001100000000000
00000000000111000000110000000000
00000000001100000000010001000000
00000000011000000000011000000000
00000000010000000000001000000000
00000000010000000000001000000000
00000000010000000000001000000000
00000000010000000000001000000000
00000000010000000000001000000000
00000000010000000000001000000000
00000000011000000000011000000000
00000000001100000001110000000000
00000000000111111111000000000000
00000000000000000000000000000000