0
00000000000000000000000000000000
00000000000000000000000000000000
00000000000000111111100000000000
00000000000011100000110000000000
00000000001110000000001000000000
00000000011000000000001100000000
00000000110000000000000110000000
00000000100000000000000010000000
00000001100000000000000010000000
00000001000000000000000011000000
00000011000000000000000001000000
00000010000000000000000001000000
00000010000000000000000001000000
00000110000000000000000001000000
00000100000000000000000001000000
00000100000000000000000001000000
00001100000000000000000011000000
00001000000000000000000010000000
00001000000000000000000010000000
00001000000000000000000010000000
00001000000000000000000100000000
00001000000000000000000100000000
00000100000000000000001000000000
00000110000000000000011000000000
00000010000000000000110000000000
00000001000000000001100000000000
00000000100000001111000000000000
00000000010001111000000000000000
00000000011111000000000000000000
00000000000100000000000000000000
00000000000000000000000000000000
00000000000000000000000000000000