5
00000000000000000000000000000000
00000000000000000000000000000000
00000011110000000000000000000000
00000111111111111110000000000000
00000110011111111111000000000000
00000110000000000011000000000000
00000110000000000000000000000000
00000110000000000000000000000000
00000110000000000000000000000000
00000110000000000000000000000000
00000110000000000000000000000000
00000110000000000000000000000000
00000110000011100000000000000000
00000111111111111000000000000000
00000011111110111100000000000000
00000000000000001110000000000000
00000000000000000110000000000000
00000000000000000110000000000000
00000000000000000110000000000000
00000000000000000110000000000000
00000000000000000110000000000000
00000000000000000110000000000000
00000011100000000110000000000000
00000011110000000110000000000000
00000000111000001110000000000000
00000000011111111100000000000000
00000000001111111000000000000000
00000000000000000000000000000000
00000000000000000000000000000000
00000000000000000000000000000000
00000000000000000000000000000000
00000000000000000000000000000000