5
00000000000000000000000000000000
00000000000000000000000000000000
00000000000000000000000000000000
00000000000000000000100000000000
00000000111111111111110000000000
00000001111111111111110000000000
00000011111111111110000000000000
00000011100000000000000000000000
00000011100000000000000000000000
00000011100000000000000000000000
00000011100000000000000000000000
00000011100001000000000000000000
00000011111111111111000000000000
00000011111111111111110000000000
00000011111110011111111000000000
00000001000000000001111100000000
00000000000000000000011100000000
00000000000000000000011100000000
00000000000000000000011100000000
00000000000000000000011100000000
00000000000000000000111100000000
00111100000000000000111000000000
00111110000000000011110000000000
00011111100000001111110000000000
00000111111111111111000000000000
00000001111111111110000000000000
00000000001111110000000000000000
00000000000000000000000000000000
00000000000000000000000000000000
00000000000000000000000000000000
00000000000000000000000000000000
00000000000000000000000000000000