0
00000000000000000000000000000000
00000000000000000000000000000000
00000000000000000000000000000000
00000000000000000000000000000000
00000000000000000000000000000000
00000000000000000000000000000000
00000000000111111111000000000000
00000000111100000000110000000000
00000001100000000000011000000000
00000011000000000000001100000000
00000010000000000000000110000000
00000110000000000000000111000000
00000100000000000000000001000000
00000100000000000000000001000000
00000100000000000000000001000000
00000100000000000000000001000000
00000100000000000000000001000000
00000100000000000000000011000000
00000100000000000000000010000000
00000100000000000000000010000000
00000100000000000000000100000000
00000100000000000000000100000000
00000110000000000000001100000000
00000010000000000000011000000000
00000011000000000000010000000000
00000000110000000000100000000000
00000000011110000001100000000000
00000000000011111110000000000000
00000000000000000000000000000000
00000000000000000000000000000000
00000000000000000000000000000000
00000000000000000000000000000000