8
00000000000000000000000000000000
00000000000000000000000000000000
00000000000000000000000000000000
00000000111110000000000000000000
00000011111111110000000000000000
00000110000000011100000000000000
00000100000000000110000000000000
00001100000000000010000000000000
00001100000000000010000000000000
00001100000000000010000000000000
00001100000000000010000000000000
00000110000000000010000000000000
00000011000000000110000000000000
00000001110000001100000000000000
00000000011111011000000000000000
00000000000011110000000000000000
00000000001110011100000000000000
00000000111000000110000000000000
00000001100000000010000000000000
00000001000000000011000000000000
00000010000000000011000000000000
00000010000000000001000000000000
00000010000000000001000000000000
00000010000000000001000000000000
00000011000000000001000000000000
00000001000000000001000000000000
00000001100000000011000000000000
00000000111111111110000000000000
00000000000000000000000000000000
00000000000000000000000000000000
00000000000000000000000000000000
00000000000000000000000000000000