1
00000000000000000000000000000000
00000000000000000000000000000000
00000000000000011000000000000000
00000000000001111000000000000000
00000000000011011000000000000000
00000000000110001100000000000000
00000000001100001100000000000000
00000000011000001100000000000000
00000000010000001100000000000000
00000000000000001100000000000000
00000000000000001100000000000000
00000000000000001100000000000000
00000000000000001100000000000000
00000000000000001100000000000000
00000000000000001100000000000000
00000000000000001100000000000000
00000000000000001100000000000000
00000000000000001100000000000000
00000000000000001100000000000000
00000000000000001100000000000000
00000000000000001100000000000000
00000000000000001100000000000000
00000000000000001100000000000000
00000000000000001100000000000000
00000000000000001100000000000000
00000000000000001100000000000000
00000000011111101100000000000000
00000000011111111111111100000000
00000000000000000000000100000000
00000000000000000000000000000000
00000000000000000000000000000000
00000000000000000000000000000000