4
00000000000000000000000000000000
00000000000000000000000000000000
00000000000000000000000000000000
00000000000000000000000000000000
00000000000000000000000000000000
00000000000000000000000000000000
00000000000000000000000000000000
00000000000000100000000000000000
00000000000001100000000000000000
00000000000011000000000000000000
00000000000110000011000000000000
00000000001100000001000000000000
00000000011000000001000000000000
00000000010000000001000000000000
00000000100000000001000000000000
00000001100000000001000000000000
00000001000000000001000000000000
00000011000000000001000000000000
00000010000000000001000000000000
00000111111111111111111110000000
00000000000000000001000011000000
00000000000000000001000000000000
00000000000000000001000000000000
00000000000000000001000000000000
00000000000000000000100000000000
00000000000000000000100000000000
00000000000000000000100000000000
00000000000000000000100000000000
00000000000000000000100000000000
00000000000000000000000000000000
00000000000000000000000000000000
00000000000000000000000000000000