2
00000000000000000000000000000000
00000000000000000000000000000000
00000000000000000000000000000000
00000000000000000000000000000000
00000000000111111000000000000000
00000000001000000111100000000000
00000000011000000000011000000000
00000000010000000000001000000000
00000000010000000000001000000000
00000000010000000000001000000000
00000000100000000000001000000000
00000000000000000000001000000000
00000000000000000000001000000000
00000000000000000000001000000000
00000000000000000000010000000000
00000000000000000000010000000000
00000000000000000000010000000000
00000000000000000000010000000000
00000000000000000000100000000000
00000000000000000001100000000000
00000000000000000001000000000000
00000000000000000010000000000000
00000000000000000010000000000000
00000000000000000100000000000000
00000000000000001000000000000000
00000000000000001000000000000000
00000000000000010000011111110000
00000000111111111111100000000000
00000000011111100000000000000000
00000000000000000000000000000000
00000000000000000000000000000000
00000000000000000000000000000000