6
00000000000000000000000000000000
00000000000000000000000000000000
00000000000000000000000000000000
00000000000000000000000000000000
00000000000000000111000000000000
00000000000000011110000000000000
00000000000000110000000000000000
00000000000001100000000000000000
00000000000011000000000000000000
00000000000010000000000000000000
00000000000110000000000000000000
00000000001100000000000000000000
00000000001100000000000000000000
00000000011000000000000000000000
00000000010000000000000000000000
00000000110000000000000000000000
00000000100000000000000000000000
00000000100001111111110000000000
00000001100000000000111100000000
00000001100000000000001110000000
00000001000000000000000111000000
00000001000000000000000011000000
00000001100000000000000001000000
00000001100000000000000001000000
00000000110000000000000011000000
00000000110000000000000110000000
00000000011100000000001110000000
00000000001111000000111100000000
00000000000001111111110000000000
00000000000000000000000000000000
00000000000000000000000000000000
00000000000000000000000000000000