3
00000000000000000000000000000000
00000000000000000001100000000000
00000000000000000000000000000000
00000000000000001100000000000000
00000000000000000001100000000000
00000000000000000010000000000000
00000000000001111111110000000000
00000000000011111111100100000000
00000000011110000010100000000000
00000000111000001001100100000000
00000000111000000111010000000000
00000000100000011110000100000000
00000000000001111011000000000000
00000000001111111111010000000000
00000000001111111111110000000000
00000000000000000010011100000000
00000000000000000000011100000000
00000000000000000010001100000000
00000000000000000000001100000000
00000000000000000000011100000000
00000000000000000000011000000000
00000000000000000010110000000000
00000000000000010011110100000000
00000000000001111111001000000000
00001111111111110000000000000000
00000111110000000000000000000000
00000000000000000000000000000000
00000000000000000000000000000000
00000000000000000000000000000000
00000000000000000000000000000000
00000000000000000000000000000000
00000000000000000000000000000000