9
00000000000000000000000000000000
00000000000000000000000000000000
00000000000000000000000000000000
00000000000111111100000000000000
00000000011100000111000000000000
00000000110000000001100000000000
00000001100000000000100000000000
00000001000000000000010000000000
00000011000000000000010000000000
00000010000000000000010000000000
00000011000000000000010000000000
00000001000000000000010000000000
00000001100000000000010000000000
00000000110000000000110000000000
00000000110000000001110000000000
00000000011110000011010000000000
00000000000011111110010000000000
00000000000000000000010000000000
00000000000000000000010000000000
00000000000000000000010000000000
00000000000000000000010000000000
00000000000000000000010000000000
00000000000000000000010000000000
00000000000000000000010000000000
00000000000000000000010000000000
00000000000000000000010000000000
00000000000000000000010000000000
00000000000000000000010000000000
00000000000000000000010000000000
00000000000000000000010000000000
00000000000000000000000000000000
00000000000000000000000000000000