5
00000000000000000000000000000000
00000000000000000000000000000000
00000000000000000000000000000000
00000000000000000000000000000000
00000000000000000000000000000000
00001111111111111111111100000000
00001111111111111111111100000000
00001111111111111111111100000000
00001110000000000000000000000000
00001110000000000000000000000000
00001110000000000000000000000000
00001110000000000000000000000000
00001110000000000000000000000000
00001110000000000000000000000000
00001110011111111111111111111000
00001110111111111111111111111000
00001111111111111111111111111110
00001111111000000000000000111111
00001111110000000000000000111111
00000000000000000000000000001111
00000000000000000000000000000111
00000000000000000000000000000111
00000000000000000000000000111111
00000000000000000000000000111111
00000000000000000000011111111111
00000001111111111111111111111000
00000001111111111111111111111000
00000001111111111111111100000000
00000000000000000000000000000000
00000000000000000000000000000000
00000000000000000000000000000000
00000000000000000000000000000000