6
00000011100000000000000000000000
00000011100000000000000000000000
00000111100000000000000000000000
00000111000000000000000000000000
00000111000000000000000000000000
00000111000000000000000000000000
00000111000000000000000000000000
00000111000000000000000000000000
00000111000000000000000000000000
00000111000000000000000000000000
00000111100000000000000000000000
00000111100000000000000000000000
00000011100000000000000000000000
00000011100000000000000000000000
00000011100000000000000000000000
00000011100000000000000000000000
00000001110000000000000000000000
00000001110000000000000000000000
00000001111000000000110000000000
00000001111000000111111100000000
00000000111000001111111110000000
00000000111100011111111111000000
00000000011110111111111111100000
00000000011111111110000111100000
00000000011111111110000111100000
00000000001111111110000011110000
00000000000111111100000001110000
00000000000011111110000011110000
00000000000001111111000011110000
00000000000000111111111111110000
00000000000000011111111111100000
00000000000000000001111111000000