1
00000000000000000000000000000000
00000000000000000000000000000000
00000000000000000000000000000000
00000000000000000000000000000000
00000000000000110000000000000000
00000000000001111000000000000000
00000000000011111000000000000000
00000000000111111000000000000000
00000000011111111000000000000000
00000000111111111000000000000000
00000000111111111000000000000000
00000001111101111000000000000000
00000001111101111000000000000000
00000001111001111000000000000000
00000000110001111000000000000000
00000000000001111000000000000000
00000000000001111000000000000000
00000000000001111000000000000000
00000000000001111000000000000000
00000000000001111000000000000000
00000000000001111000000000000000
00000000000001111000000000000000
00000000000001111001111111100000
00000011111111111111111111110000
00000111111111111111111111110000
00000111111111111111111111100000
00000011111111111111000000000000
00000000000000000000000000000000
00000000000000000000000000000000
00000000000000000000000000000000
00000000000000000000000000000000
00000000000000000000000000000000