6
00000000000000000000000000000000
00000000000000000000000100000000
00000000000000000000000000000000
00000000000000000000000000000000
00000000000000000000000000000000
00000000000000000111110000000000
00000000000000111111110000000000
00000000000001110000000000000000
00000000000011000000000000000000
00000000001110000001000000000000
00000000001100110000010000000000
00000000011000000110000000000000
00000000111000000000100000000000
00001001110001111110000000000000
00000001101111111111100000000000
00000011111000010011110000000000
00000011100010000000110100000000
00001011011000000110011000000000
00001011000010000000011000000000
00000011100000000100111000000000
00010011000000100100110000000000
00000011100010000011100000000000
00000001111000000111001000000000
00001000111111111100000000000000
00000000011111100000000000000000
00000000000000000000000000000000
00000000000000000000000000000000
00000000000000000000000000000000
00000000000000000000000000000000
00000000000000000000000000000000
00000000000000000000000000000000
00000000000000000000000000000000