6
00000000000000000000000000000000
00000000000000000000000000000000
00000000000001000000000000000000
00000000000011100000000000000000
00000000000111000000000000000000
00000000000110000000000000000000
00000000001110000000000000000000
00000000001100000000000000000000
00000000011100000000000000000000
00000000011000000000000000000000
00000000111000000000000000000000
00000000110000000000000000000000
00000001110000000000000000000000
00000001110000000000000000000000
00000011111100000000000000000000
00000011011111000000000000000000
00000011000111110000000000000000
00000011000001111000000000000000
00000111000000011100000000000000
00000110000000001110000000000000
00000110000000000111000000000000
00000110000000000011000000000000
00000110000000000011000000000000
00000111000000000011000000000000
00000011000000000111000000000000
00000011000000000110000000000000
00000011100000001110000000000000
00000001110001111100000000000000
00000000111111111000000000000000
00000000011111000000000000000000
00000000000000000000000000000000
00000000000000000000000000000000