6
00000000000000000000000000000000
00000000000000000000000000000000
00000000000000011111000000000000
00000000000000110000000000000000
00000000000011100000000000000000
00000000001110000000000000000000
00000000111000000000000000000000
00000001100000000000000000000000
00000001000000000000000000000000
00000011000000000000000000000000
00000010000000000000000000000000
00000010000000000000000000000000
00000010000000000000000000000000
00000110001111111000000000000000
00000100111000001111000000000000
00000101100000000001100000000000
00000101000000000000111000000000
00000111000000000000001100000000
00000010000000000000000100000000
00000010000000000000000110000000
00000011000000000000000010000000
00000001000000000000000010000000
00000001100000000000000010000000
00000000100000000000000010000000
00000000110000000000000010000000
00000000010000000000000010000000
00000000001000000000000110000000
00000000001100000000000100000000
00000000000111000000001100000000
00000000000001111000111000000000
00000000000000001111100000000000
00000000000000000000000000000000