4
00000000000000000000000000000000
00000000000000000000000000000000
00000000000000000000000000000000
00000000111000000111000000000000
00000000111000000111000000000000
00000000111000000111100000000000
00000000111000000111100000000000
00000000111000000111100000000000
00000001111000000011100000000000
00000001111000000011100000000000
00000001111000000011100000000000
00000001110000000011100000000000
00000011110000000011110000000000
00000011110000000011110000000000
00000011110000000001110000000000
00000111100000000001111110000000
00000111100000011111111110000000
00000111100111111111111110000000
00001111111111111111111100000000
00001111111111111001110000000000
00001111111110000001110000000000
00001111110000000001110000000000
00000000000000000001110000000000
00000000000000000001110000000000
00000000000000000001110000000000
00000000000000000001110000000000
00000000000000000001111000000000
00000000000000000001111000000000
00000000000000000001111000000000
00000000000000000000000000000000
00000000000000000000000000000000
00000000000000000000000000000000