1
00000000000000000000000000000000
00000000000000000000000000000000
00000000000000000000000000000000
00000000000000011000000000000000
00000000000001111000000000000000
00000000000111011000000000000000
00000000011100011000000000000000
00000000000000011000000000000000
00000000000000011000000000000000
00000000000000011000000000000000
00000000000000011000000000000000
00000000000000011000000000000000
00000000000000011000000000000000
00000000000000011000000000000000
00000000000000011000000000000000
00000000000000011000000000000000
00000000000000011000000000000000
00000000000000011000000000000000
00000000000000011000000000000000
00000000000000011000000000000000
00000000000000011000000000000000
00000000000000011000000000000000
00000000000000011000000000000000
00000000000000111000000000000000
00000000000000111000000000000000
00000000000000111000000000000000
00000000000000111000000000000000
00000001100000111000000000000000
00000001111111111111111100000000
00000000000000000000001100000000
00000000000000000000000000000000
00000000000000000000000000000000