0
00000000000000000000000000000000
00000000000000000000000000000000
00000000000000000000000000000000
00000000000001111100000000000000
00000000000111111111000000000000
00000000001111000111100000000000
00000000011100000001110000000000
00000000111000000000110000000000
00000001110000000000110000000000
00000001100000000000111000000000
00000011100000000000011000000000
00000011100000000000011000000000
00000011000000000000011000000000
00000011000000000000011100000000
00000011000000000000001100000000
00000011000000000000001100000000
00000011000000000000001100000000
00000011000000000000001100000000
00000011000000000000001100000000
00000011000000000000001100000000
00000011100000000000001100000000
00000001100000000000011100000000
00000001110000000000011000000000
00000000110000000001111000000000
00000000111100011111110000000000
00000000011111111111000000000000
00000000000111110000000000000000
00000000000000000000000000000000
00000000000000000000000000000000
00000000000000000000000000000000
00000000000000000000000000000000
00000000000000000000000000000000