8
00000000000000000000000000000000
00000000000000000000000000000000
00000000000000000000000000000000
00000000000000000000000000000000
00000000000000000000000000000000
00000000000111111110000000000000
00000000001110011111100000000000
00000000011100000001111000000000
00000000011000000000011000000000
00000000110000000000001100000000
00000000110000000000001100000000
00000000110000000000001100000000
00000000110000000000001100000000
00000000111000000000011000000000
00000000011100000000111000000000
00000000001111000001110000000000
00000000000111111111100000000000
00000000001111111111100000000000
00000000011110000011110000000000
00000000011000000000111100000000
00000000111000000000011100000000
00000000110000000000001110000000
00000000110000000000000110000000
00000000110000000000000011000000
00000000110000000000000111000000
00000000111000000000000110000000
00000000011100000000001110000000
00000000001111000000111100000000
00000000000111111111111000000000
00000000000000011111000000000000
00000000000000000000000000000000
00000000000000000000000000000000