6
00000000000000000000000000000000
00000000000000000000000000000000
00000000000000000000011000000000
00000000000000000111100000000000
00000000000000011100000000000000
00000000000000110000000000000000
00000000000001100000000000000000
00000000000001000000000000000000
00000000000010000000000000000000
00000000000100000000000000000000
00000000001100000000000000000000
00000000001000000000000000000000
00000000011000000000000000000000
00000000010000000000000000000000
00000000110000000000000000000000
00000000100000000011100000000000
00000000100000111100110000000000
00000000100111100000001000000000
00000000111100000000001100000000
00000001110000000000000100000000
00000001100000000000000100000000
00000001000000000000000100000000
00000001100000000000000100000000
00000000100000000000000100000000
00000000110000000000000100000000
00000000011000000000000100000000
00000000001100000000001100000000
00000000000111110000111000000000
00000000000000011111100000000000
00000000000000000000000000000000
00000000000000000000000000000000
00000000000000000000000000000000