8
00000000000000000000000000000000
00000000000000000000000000000000
00000000000000000000000000000000
00000000000000000001111000000000
00000000000000000110001100000000
00000000000000011100000110000000
00000000000000110000000010000000
00000000000001000000000010000000
00000000000010000000000110000000
00000000000111000000001100000000
00000000000001110000011000000000
00000000000000001101100000000000
00000000000000000111000000000000
00000000000000111001100000000000
00000000000001100000100000000000
00000000000010000000100000000000
00000000000100000000100000000000
00000000000100000000100000000000
00000000000100000000100000000000
00000000001100000000100000000000
00000000001000000000100000000000
00000000011000000001100000000000
00000001110000000001000000000000
00000000111100000011000000000000
00000000000111111100000000000000
00000000000000000000000000000000
00000000000000000000000000000000
00000000000000000000000000000000
00000000000000000000000000000000
00000000000000000000000000000000
00000000000000000000000000000000
00000000000000000000000000000000