0
00000000000000000000000000000000
00000000000000000000000000000000
00000000000000000000000000000000
00000000000000000000000000000000
00000000000000000000000000000000
00000011111111111111111111000000
00000011111111111111111111000000
00000011111111111111111111000000
00001111100000000000000111000000
00001111100000000000000111000000
00001111100000000000000111000000
00001110000000000000000111100000
00001110000000000000000111100000
00001110000000000000000111100000
00001110000000000000000111100000
00001110000000000000000111100000
00001110000000000000000111100000
00001110000000000000000111000000
00001110000000000000000111000000
00001110000000000000000111000000
00001110000000000000000111000000
00001111000000000000000111000000
00001111111110000000000111000000
00001111111110000000000111000000
00000111111111000000000111000000
00000000001111111111111111000000
00000000001111111111111111000000
00000000000111111111111111000000
00000000000000000000000000000000
00000000000000000000000000000000
00000000000000000000000000000000
00000000000000000000000000000000