2
00000000000000000000000000000000
00000000000000000000000000000000
00000000000000000000000000000000
00000000000000000000000000000000
00000000000011111111000000000000
00000000000111111111100000000000
00000000011111111111100000000000
00000001111111111111100000000000
00000011111110000111100000000000
00000011111100000111100000000000
00000011110000000111100000000000
00000011110000000111100000000000
00000001100000000111100000000000
00000000000000000111100000000000
00000000000000001111100000000000
00000000000000011111100000000000
00000000000000111111000000000000
00000000000000111110000000000000
00000000000001111100000111000000
00000000000011111000111111100000
00000000000111111111111111100000
00000000001111111111111111000000
00000000011111111111111100000000
00000000011111111111100000000000
00000000001111111100000000000000
00000000000000000000000000000000
00000000000000000000000000000000
00000000000000000000000000000000
00000000000000000000000000000000
00000000000000000000000000000000
00000000000000000000000000000000
00000000000000000000000000000000