8
00000000000000000000000000000000
00000000000000000000000000000000
00000000000000000000000000000000
00000000000000000000000000000000
00000000000011111111000100000000
00000000000110000011111100000000
00000000000110000000001000000000
00000000000100000000011000000000
00000000000100000001110000000000
00000000000100000001100000000000
00000000000110000011000000000000
00000000000010000111000000000000
00000000000011000110000000000000
00000000000001111100000000000000
00000000000000011100000000000000
00000000000000011111000000000000
00000000000000011001100000000000
00000000000000010001100000000000
00000000000000010000110000000000
00000000000000110000110000000000
00000000000000110000010000000000
00000000000000100000010000000000
00000000000000100000010000000000
00000000000000100000010000000000
00000000000000100000010000000000
00000000000000100000010000000000
00000000000000110000110000000000
00000000000000010001100000000000
00000000000000011111000000000000
00000000000000000000000000000000
00000000000000000000000000000000
00000000000000000000000000000000