8
00000000000000000000000000000000
00000000000000000111111000000000
00000000000000011101100000000000
00000000000001100000110000000000
00000000000011000000010000000000
00000000000010000000110000000000
00000000000110000000100000000000
00000000000100000000100000000000
00000000000100000000100000000000
00000000000100000000100000000000
00000000000110000001100000000000
00000000000011000011000000000000
00000000000001101110000000000000
00000000000000111000000000000000
00000000000011111100000000000000
00000000000110000110000000000000
00000000001100000011000000000000
00000000011000000001100000000000
00000000110000000000100000000000
00000000100000000000100000000000
00000001000000000000100000000000
00000011000000000000100000000000
00000010000000000000100000000000
00000010000000000001100000000000
00000010000000000011000000000000
00000010000000011110000000000000
00000011000001110000000000000000
00000001111111000000000000000000
00000000001000000000000000000000
00000000000000000000000000000000
00000000000000000000000000000000
00000000000000000000000000000000