8
00000000000000000000000000000000
00000000000000000000000000000000
00000000111111111111111110000000
00000001111111111111111110000000
00000001111111111111111110000000
00000001110000000000001110000000
00000001110000000000001110000000
00000001110000000000001110000000
00000001110000000000001110000000
00000001110000000000001110000000
00000001111000000000001110000000
00000001111000000000001110000000
00000001111000000000001110000000
00000000111000000000001110000000
00000000111000000000001110000000
00000001111111111111111110000000
00000001111111111111111110000000
00000001111111111111111110000000
00000000111100000000001110000000
00000000111100000000001110000000
00000000111100000000001111000000
00000000011100000000001111000000
00000000011100000000000111000000
00000000011100000000000111000000
00000000111100000000000111000000
00000000111100000000000111000000
00000000111111111111111111000000
00000000111111111111111111000000
00000000111111111111111111000000
00000000000000000000000000000000
00000000000000000000000000000000
00000000000000000000000000000000