9
00000000000000000000000000000000
00000000000000000000000000000000
00000000000000000000000000000000
00000000001111111110000000000000
00000000011111111110000000000000
00000000011000000001100000000000
00000000111000000001100000000000
00000000110000000001100000000000
00000001110000000011100000000000
00000001100000000011100000000000
00000001100000000011100000000000
00000001100000000111100000000000
00000001100000000111100000000000
00000001100000001111100000000000
00000001100000011101100000000000
00000001110000111101100000000000
00000000111111111001100000000000
00000000011111110001110000000000
00000000000000000000110000000000
00000000000000000000110000000000
00000000000000000000110000000000
00000000000000000000110000000000
00000000000000000000110000000000
00000000000000000000110000000000
00000000000000000000110000000000
00000000000000000000110000000000
00000000000000000000110000000000
00000000000000000000110000000000
00000000000000000000110000000000
00000000000000000000000000000000
00000000000000000000000000000000
00000000000000000000000000000000