5
00000000000000000000000000000000
00000000000000000000000000000000
00000000000000000000000000000000
00000000000000000000000000000000
00000000000000000000000000000000
00000000111111111111110000000000
00000000100000000000000000000000
00000000100000000000000000000000
00000000100000000000000000000000
00000000100111111111000000000000
00000001111100000001111000000000
00000000000000000000001000000000
00000000000000000000001100000000
00000000000000000000000100000000
00000000000000000000000100000000
00000000000000000000001000000000
00000000000000000000001000000000
00000000000000000000001000000000
00000000100000000000011000000000
00000000110000000000010000000000
00000000010000000000110000000000
00000000010000000001100000000000
00000000001000000011000000000000
00000000001100001110000000000000
00000000000111111000000000000000
00000000000000000000000000000000
00000000000000000000000000000000
00000000000000000000000000000000
00000000000000000000000000000000
00000000000000000000000000000000
00000000000000000000000000000000
00000000000000000000000000000000