5
00000000000000000000000000000000
00000000000000000000000000000000
00000000000000000000000000000000
00000000000000000000000000000000
00000000000000000000000000000000
00000000000000000000000000000000
00000000000000000000000000000000
00001111111111111111111000000000
00001111111111111111111000000000
00001111111111111111111000000000
00001110000000000000000000000000
00001110000000000000000000000000
00001110000000000000000000000000
00001110000000000000000000000000
00001111111111111111111100000000
00001111111111111111111100000000
00001111111111111111111111000000
00000000000000000000011111000000
00000000000000000000011111000000
00000000000000000000000111000000
00000000000000000000000111000000
00000000000000000000000111000000
00000000000000000000011111000000
00000000000000000000011111000000
00001111111111111111111111000000
00001111111111111111111100000000
00001111111111111111111100000000
00000000000000000000000000000000
00000000000000000000000000000000
00000000000000000000000000000000
00000000000000000000000000000000
00000000000000000000000000000000