9
11111111111111111111111111111111
11111111111111111111111111111111
00000000001111110000000000000000
00000000001111110000000000000000
00000000011111000000000000000000
00000000011110011110000000000000
00000000011110011111000000000000
00000000111100011111000000000000
00000000111100011111100000000000
00000000111000011111100000000000
00000000111000011111100000000000
00000000111000011111100000000000
00000000111110111111100000000000
00000000111111111111100000000000
00000000111111111011100000000000
00000000001111111011100000000000
00000000000000000011100000000000
00000000000000000011100000000000
00000000000000000011100000000000
00000000000000000011100000000000
00000000000000000011100000000000
00000000000000000011100000000000
00000000000000000011100000000000
00000000000000000011100000000000
00000000001111111111100000000000
00000000001111111111100000000000
00000000001111111111100000000000
00000000000000000000000000000000
00000000000000000000000000000000
00000000000000000000000000000000
00000000000000000000000000000000
00000000000000000000000000000000