4
00000000000000000000000000000000
00000000000000000000000000000000
00000000000000000000000000000000
00000000000000000000000000000000
00000000010000000000100000000000
00000000010000000000100000000000
00000000010000000000100000000000
00000000010000000000100000000000
00000000010000000000100000000000
00000000010000000000100000000000
00000000010000000000100000000000
00000000010000000000100000000000
00000000010000000000100000000000
00000000011111000000100000000000
00000000010001111111100000000000
00000000000000000000100000000000
00000000000000000000100000000000
00000000000000000000100000000000
00000000000000000000100000000000
00000000000000000000100000000000
00000000000000000000100000000000
00000000000000000000100000000000
00000000000000000000100000000000
00000000000000000000100000000000
00000000000000000000100000000000
00000000000000000000000000000000
00000000000000000000000000000000
00000000000000000000000000000000
00000000000000000000000000000000
00000000000000000000000000000000
00000000000000000000000000000000
00000000000000000000000000000000