9
00000000000000000000000000000000
00000000000000000000000000000000
00000000000000000000000000000000
00000111111111100000000000000000
00001111111111111100000000000000
00011111111111111110000000000000
00111111000011111111111110000000
00111110000000011111111110000000
00111100000000000111111110000000
00111000000000000011111110000000
00111100000000000000011110000000
00111110000000000000111110000000
00111111000000000000111100000000
00011111111000000001111100000000
00001111111111111111111100000000
00000111111111111111111100000000
00000000111111111111111100000000
00000000000000000000011100000000
00000000000000000000011100000000
00000000000000000000011100000000
00000000000000000000011100000000
00000000000000000000011100000000
00000000000000000000011100000000
00000000000000000000011100000000
00000000000000000000011100000000
00000000000000000000011100000000
00000000000000000000011100000000
00000000000000000000011100000000
00000000000000000000011100000000
00000000000000000000011100000000
00000000000000000000000000000000
00000000000000000000000000000000