0
00000000000000000000000000000000
00000000000000000000000000000000
00000000000000000000000000000000
00000000000001111000000000000000
00000000000111111110000000000000
00000000001100010010000000000000
00000000011000000011000000000000
00000000010000000001000000000000
00000000100000000001100000000000
00000000100000000000100000000000
00000000100000000000100000000000
00000001100000000000110000000000
00000001000000000000011000000000
00000001000000000000001000000000
00000001000000000000001100000000
00000001000000000000000100000000
00000001000000000000000100000000
00000001100000000000000010000000
00000000100000000000000010000000
00000000100000000000000010000000
00000000010000000000000010000000
00000000011000000000000010000000
00000000001000000000000110000000
00000000001100000000000100000000
00000000000111000000001100000000
00000000000001100000001000000000
00000000000000011111111000000000
00000000000000000000000000000000
00000000000000000000000000000000
00000000000000000000000000000000
00000000000000000000000000000000
00000000000000000000000000000000