5
00000000000000000000000000000000
00000000000000000000000000000000
00000000000000000000000000000000
00000111111111111111111000000000
00000111111111111111111111000000
00000111111111111111111111000000
00000111000000000000000000000000
00000111000000000000000000000000
00000111000000000000000000000000
00000111000000000000000000000000
00000111000000000000000000000000
00000111000000000000000000000000
00000111001111111100000000000000
00000111111111111110000000000000
00000111111111001111100000000000
00000111110000000011100000000000
00000000000000000001110000000000
00000000000000000000111000000000
00000000000000000000111000000000
00000000000000000000111000000000
00000000000000000000111000000000
00000000000000000000111000000000
00000000000000000001110000000000
00000000000000000011110000000000
00000000110000000111100000000000
00000001111111111111000000000000
00000000111111111110000000000000
00000000001111111000000000000000
00000000000000000000000000000000
00000000000000000000000000000000
00000000000000000000000000000000
00000000000000000000000000000000