5
00000000000000000000000000000000
00000000000000000000000000000000
00000000000000000000000000000000
00000000000000000000000000000000
00000000000000000000000000000000
00000000000000000011110100000000
00000000001000111111011100000000
00000000001111100000000000000000
00000000011000000000000000000000
00000000010000000000000000000000
00000000010000000000000000000000
00000000010000000000000000000000
00000000010000000000000000000000
00000000010000000000000000000000
00000000010000001111000000000000
00000000110001111101100000000000
00000000110111100000100000000000
00000000111100000000100000000000
00000000110000000000100000000000
00000000000000000001100000000000
00000000000000000001100000000000
00000000000000000001000000000000
00000000000000000011000000000000
00000000000000000111000000000000
00000000000000001100000000000000
00000000000000111100000000000000
00000000000001110000000000000000
00000000000011100000000000000000
00000000000110000000000000000000
00000000001100000000000000000000
00000000001000000000000000000000
00000000000000000000000000000000