5
00000000000000000000000000000000
00000000000000000000000000000000
00000000001111111111111000000000
00000000001111111111111000000000
00000000001111111111111000000000
00000000001110000000000000000000
00000000001110000000000000000000
00000000001110000000000000000000
00000000001110000000000000000000
00000000001110000000000000000000
00000000001110000000000000000000
00000000001110000000000000000000
00000000001110000000000000000000
00000000001110000000000000000000
00000000001111111000000000000000
00000000001111111000000000000000
00000000001111111000000000000000
00000000001111111000000000000000
00000000001110111100000000000000
00000000001110111100000000000000
00000000000000111100000000000000
00000000000000111100000000000000
00000000000000011100000000000000
00000000111111111100000000000000
00000000111111111100000000000000
00000000111111111100000000000000
00000000000000000000000000000000
00000000000000000000000000000000
00000000000000000000000000000000
00000000000000000000000000000000
00000000000000000000000000000000
00000000000000000000000000000000