9
00000000000000000000000000000000
00000000000000010000000000000000
00000000000001111110000000000000
00000000000111111110000000000000
00000000000111101110000000000000
00000000001110001110000000000000
00000000001110001110000000000000
00000000011100011110000000000000
00000000011100111110000000000000
00000000011100111110000000000000
00000000011101111110000000000000
00000000011111111110000000000000
00000000001111101110000000000000
00000000000110001100000000000000
00000000000000001100000000000000
00000000000000001100000000000000
00000000000000001100000000000000
00000000000000011100000000000000
00000000000000011100000000000000
00000000000000011100000000000000
00000000000000011100000000000000
00000000000000011100000000000000
00000000000000011100000000000000
00000000000000011100000000000000
00000000000000011100000000000000
00000000000000011100000000000000
00000000000000001100000000000000
00000000000000000000000000000000
00000000000000000000000000000000
00000000000000000000000000000000
00000000000000000000000000000000
00000000000000000000000000000000