4
00000000000000000000000000000000
00000110000000000000000000000000
00001110000000000011000000000000
00001110000000000011000000000000
00001110000000000011000000000000
00001110000000000011100000000000
00001110000000000011100000000000
00001110000000000011100000000000
00001110000000000011100000000000
00001110000000000011100000000000
00001110000000000011100000000000
00001110000000000011100000000000
00001111111111111111111110000000
00000111111111111111111110000000
00000000000000000011000000000000
00000000000000000011000000000000
00000000000000000011000000000000
00000000000000000011000000000000
00000000000000000011000000000000
00000000000000000011000000000000
00000000000000000011000000000000
00000000000000000011000000000000
00000000000000000011000000000000
00000000000000000011000000000000
00000000000000000011100000000000
00000000000000000011100000000000
00000000000000000011100000000000
00000000000000000011100000000000
00000000000000000001100000000000
00000000000000000001100000000000
00000000000000000001100000000000
00000000000000000000000000000000