8
00000000000000000000000000000000
00000000000000000000000000000000
00000000000000000000000000000000
00000000000000011111000000000000
00000000000011111111100000000000
00000000001111111111100000000000
00000000011111100111100000000000
00000000011110000111000000000000
00000000111000001111000000000000
00000000111000001110000000000000
00000000111100011110000000000000
00000000011110111100000000000000
00000000001111111000000000000000
00000000000111111100000000000000
00000000000001111110000000000000
00000000000011111111100000000000
00000000000011100111100000000000
00000000000111000001110000000000
00000000000111000001110000000000
00000000000110000000111000000000
00000000001110000001110000000000
00000000001110000001110000000000
00000000000111000011110000000000
00000000000111111111100000000000
00000000000011111111000000000000
00000000000001111110000000000000
00000000000000000000000000000000
00000000000000000000000000000000
00000000000000000000000000000000
00000000000000000000000000000000
00000000000000000000000000000000
00000000000000000000000000000000