6
00000000000000000000000000000000
00000000000000000000000000000000
00000000000000001000000000000000
00000000000000111000000000000000
00000000000011100000000000000000
00000000001110000000000000000000
00000000011000000000000000000000
00000000110000000000000000000000
00000000100000000000000000000000
00000001000000000000000000000000
00000001000000000000000000000000
00000011000000000000000000000000
00000010000000000000000000000000
00000010000000000000000000000000
00000010000000000000000000000000
00000011000000000000000000000000
00000001000011111100000000000000
00000001011110000111000000000000
00000001110000000001100000000000
00000000100000000000110000000000
00000000110000000000011000000000
00000000011000000000001100000000
00000000001000000000000100000000
00000000001110000000000100000000
00000000000011000000000100000000
00000000000001110000000100000000
00000000000000011100011100000000
00000000000000000111110000000000
00000000000000000000000000000000
00000000000000000000000000000000
00000000000000000000000000000000
00000000000000000000000000000000