6
00000000000000000000000000000000
00000000000000000000000000000000
00000000000000000000000000000000
00000000000000000000000000000000
00000000000000000000000000000000
00000000000000000000000000000000
00000000000000111000000000000000
00000000000011000000000000000000
00000000001110000000000000000000
00000000001000000000000000000000
00000000011000000000000000000000
00000000010000000000000000000000
00000000010000000000000000000000
00000000110000000000000000000000
00000000100000000000000000000000
00000001100000000000000000000000
00000001001111110000000000000000
00000010111000011111000000000000
00000010100000000000111000000000
00000010100000000000000110000000
00000010000000000000000001000000
00000011000000000000000000100000
00000001000000000000000000100000
00000000100000000000000000100000
00000000110000000000000000100000
00000000001100000000000111000000
00000000000011110001111100000000
00000000000000001110000000000000
00000000000000000000000000000000
00000000000000000000000000000000
00000000000000000000000000000000
00000000000000000000000000000000