6
00000000000000000000000000000000
00000000000000000000000000000000
00000000000000000000000000000000
00000000000111111111100000000000
00000000001100000000000000000000
00000000011000000000000000000000
00000000010000000000000000000000
00000000100000000000000000000000
00000001100000000000000000000000
00000011000000000000000000000000
00000011000000000000000000000000
00000001000000000000000000000000
00000001000000000000000000000000
00000001000000000000000000000000
00000001000000000000000000000000
00000001100001111110000000000000
00000000100111000011000000000000
00000000111100000001100000000000
00000000011000000000110000000000
00000000010000000000010000000000
00000000011000000000010000000000
00000000001100000000010000000000
00000000000110000000010000000000
00000000000010000000010000000000
00000000000011000000010000000000
00000000000001100000110000000000
00000000000000110001100000000000
00000000000000011111000000000000
00000000000000000000000000000000
00000000000000000000000000000000
00000000000000000000000000000000
00000000000000000000000000000000