7
00000000000000000000000000000000
00000000000000000000000000000000
00000111111000000000111111110000
00000111111111111111111111110000
00000111111111111111111111110000
00000111011111111111111111110000
00000111000000000000011111000000
00000111000000000000011110000000
00000111000000000000111110000000
00000000000000000001111100000000
00000000000000000001111000000000
00000000000000000011110000000000
00000000000000000011110000000000
00000000000000000111110000000000
00000000000000001111100000000000
00000000000000011111000000000000
00000000000000111111000000000000
00000000000000111110000000000000
00000000000001111100000000000000
00000000000001111000000000000000
00000000000001111000000000000000
00000000000001110000000000000000
00000000000001110000000000000000
00000000000001110000000000000000
00000000000001110000000000000000
00000000000001110000000000000000
00000000000001110000000000000000
00000000000001110000000000000000
00000000000001110000000000000000
00000000000000000000000000000000
00000000000000000000000000000000
00000000000000000000000000000000