6
00000000000000000000000000000000
00000000000000000000000000000000
00000000000000000000000000000000
00000000000000000000000000000000
00000000000000000000000000000000
00000000000011111111000000000000
00000000001111111111000000000000
00000000011100000000000000000000
00000001111000000000000000000000
00000001110000000000000000000000
00000011100000000000000000000000
00000011000000000000000000000000
00000011000000000000000000000000
00000010000000000000000000000000
00000110000000000000000000000000
00000110000000000000000000000000
00000110000000000000000000000000
00000110000000000000000000000000
00000110000000001111111110000000
00000110000000111111111111000000
00000011000001110000000011000000
00000011100001100000000011000000
00000001111011000000000111000000
00000000111111000000001111000000
00000000001111111111111100000000
00000000000001111111111000000000
00000000000000000000000000000000
00000000000000000000000000000000
00000000000000000000000000000000
00000000000000000000000000000000
00000000000000000000000000000000
00000000000000000000000000000000