1
00000000000000000000000000000000
00000000000000001000000000000000
00000000000000011000000000000000
00000000000000011000000000000000
00000000000000111000000000000000
00000000000000101000000000000000
00000000000001001000000000000000
00000000000001001000000000000000
00000000000010001000000000000000
00000000000010001000000000000000
00000000000100001000000000000000
00000000000100001000000000000000
00000000001000001000000000000000
00000000011000001000000000000000
00000000000000001000000000000000
00000000000000001000000000000000
00000000000000001000000000000000
00000000000000001000000000000000
00000000000000001000000000000000
00000000000000001000000000000000
00000000000000001000000000000000
00000000000000001000000000000000
00000000000000001000000000000000
00000000000000001000000000000000
00000000000000001000000000000000
00000000000000001000000000000000
00000000000000001000000000000000
00000000000000001000000000000000
00000000000000001000000000000000
00000000000000000000000000000000
00000000000000000000000000000000
00000000000000000000000000000000