0
00000000000000000001000000000000
00000000000000000100000000000000
00000000000000001000000000000000
00000000000000000100000100000000
00000000100001111111001000000000
00000000011111111111100000000000
00000001111000000101110000000000
00000011110001000010011000000000
00000011000000000000011101000100
00000111000000000001001110000000
00000110000000000000000111000000
00000110000000000000000011000000
00001100000000000000100001100000
01001101000000000000000001100000
00000110000000000100001011100000
00000110000000000000000001110000
00010110000000000000000001100000
00000110000000000000000001100000
00000011000010010000000001100000
00000011010000000000000011000100
00010001100100100000000011000100
00000011110010010000000110000000
00000010111011000000001110000000
00000001011110100000001101000000
00000000001111110001111000000000
00000000000011111111110000000000
00000000000000010000000000000000
00000000000000000000000100000000
00000000000000000000000000000000
00000000001000000000010000000000
00000000000000110000000000000000
00000000000001000000000000000000