0
00000000000000000000000000000000
00000000000000000000000000000000
00000000000000000000000000110000
00000000000000001111100001100000
00000000000000001110110001000000
00000000000000111000011111000000
00000000000001100000001100000000
00000000000111000000011100000000
00000000000100000000110110000000
00000000001100000001100010000000
00000000011000000011000011000000
00000000110000000110000001000000
00000000100000000100000001000000
00000001100000001100000001000000
00000001000000001000000001000000
00000001000000001000000001000000
00000001000000011000000011000000
00000001000000110000000010000000
00000001000001100000000010000000
00000001000011100000000010000000
00000001000110000000000010000000
00000001101100000000000110000000
00000000111000000000000100000000
00000000110000000000000100000000
00000001111000000000001100000000
00000011001110000000111000000000
00000011000011111111100000000000
00000000000000000000000000000000
00000000000000000000000000000000
00000000000000000000000000000000
00000000000000000000000000000000
00000000000000000000000000000000