1
00000000000000000000000000000000
00000000000000000000000000000000
00000000000000001110000000000000
00000000000001111110000000000000
00000000000111111110000000000000
00000000001111111110000000000000
00000000011111111110000000000000
00000000011111011100000000000000
00000000011110011100000000000000
00000000011100011100000000000000
00000000011100011100000000000000
00000000000000011100000000000000
00000000000000011100000000000000
00000000000000011100000000000000
00000000000000011100000000000000
00000000000000011100000000000000
00000000000000011100000000000000
00000000000000011100000000000000
00000000000000011100000000000000
00000000000000011110000000000000
00000000000000011110000000000000
00000000000000001110000000000000
00000000000000001110000000000000
00000000000000001110000000000000
00000000001111111111111100000000
00000000001111111111111100000000
00000000001111111111111100000000
00000000001111111110000000000000
00000000000000000000000000000000
00000000000000000000000000000000
00000000000000000000000000000000
00000000000000000000000000000000