2
00000000000000000000000000000000
00000000000000000000000000000000
00000000000000000000000000000000
00000000000000000000000000000000
00000000001111111100000000000000
00000000011100000111000000000000
00000000011000000001100000000000
00000000010000000001100000000000
00000000010000000000100000000000
00000000000000000000100000000000
00000000000000000001100000000000
00000000000000000001000000000000
00000000000000000001000000000000
00000000000000000001000000000000
00000000000000000011000000000000
00000000000000000011000000000000
00000000000000000010000000000000
00000000000000000110000000000000
00000000000000000100000000000000
00000000000000001100000000000000
00000000000000011000000000000000
00000000000000110000000000000000
00000000000001100000000000000000
00000000000011000000000000000000
00000000000010000000000000000000
00000000000011111111111111110000
00000000000000000000000000000000
00000000000000000000000000000000
00000000000000000000000000000000
00000000000000000000000000000000
00000000000000000000000000000000
00000000000000000000000000000000