6
00000000000000000000000000000000
00000000000000000000000000000000
00000000000000000000000000000000
00000000000000000001000000000000
00000000000000111111000000000000
00000000000011000000000000000000
00000000000100000000000000000000
00000000001000000000000000000000
00000000001000000000000000000000
00000000010000000000000000000000
00000000010000000000000000000000
00000000010000000000000000000000
00000000100000000000000000000000
00000000100000000000000000000000
00000000100111111000000000000000
00000001111000001100000000000000
00000001100000000011000000000000
00000001100000000001000000000000
00000010000000000001100000000000
00000010000000000000100000000000
00000010000000000000100000000000
00000010000000000000010000000000
00000010000000000000010000000000
00000010000000000000010000000000
00000010000000000000110000000000
00000011100000000001100000000000
00000000110000000111000000000000
00000000001111111000000000000000
00000000000000000000000000000000
00000000000000000000000000000000
00000000000000000000000000000000
00000000000000000000000000000000