4
00000000000000000000000000000000
00000000000000000000000000000000
00000000000000000000000000000000
00000001110000000001110000000000
00000001110000000001110000000000
00000001110000000001110000000000
00000001110000000001110000000000
00000001111000000001110000000000
00000001111000000001110000000000
00000000111000000001110000000000
00000000111000000001110000000000
00000000111000000011110000000000
00000000111110000011110000000000
00000000111111111111110000000000
00000000111111111111110000000000
00000000000111111111110000000000
00000000000000000001110000000000
00000000000000000001110000000000
00000000000000000001110000000000
00000000000000000001110000000000
00000000000000000001110000000000
00000000000000000001110000000000
00000000000000000001110000000000
00000000000000000001110000000000
00000000000000000001110000000000
00000000000000000001110000000000
00000000000000000001110000000000
00000000000000000001110000000000
00000000000000000001110000000000
00000000000000000000000000000000
00000000000000000000000000000000
00000000000000000000000000000000