1
00000000000000000000000000000000
00000000000000000000000000000000
00000000000000110000000000000000
00000000000011111000000000000000
00000000000111111000000000000000
00000000001110011000000000000000
00000000011100011000000000000000
00000000111000011000000000000000
00000000000000011000000000000000
00000000000000011000000000000000
00000000000000011000000000000000
00000000000000011000000000000000
00000000000000011000000000000000
00000000000000011000000000000000
00000000000000011000000000000000
00000000000000011000000000000000
00000000000000011000000000000000
00000000000000011000000000000000
00000000000000011000000000000000
00000000000000011000000000000000
00000000000000011000000000000000
00000000000000011000000000000000
00000000000000011000000000000000
00000000000000011000000000000000
00000000000000011000000000000000
00000000000000011000000000000000
00000000001111111111110000000000
00000000011111111111110000000000
00000000000000000000000000000000
00000000000000000000000000000000
00000000000000000000000000000000
00000000000000000000000000000000