0
00000000000000000000000000000000
00000000000000000000000000000000
00000000000000011110000000000000
00000000000001111111000000000000
00000000000011111111100000000000
00000000000111111111000000000000
00000000001111101111100000000000
00000000001110000011110000000000
00000000011100000001110000000000
00000000011100000000111000000000
00000000111000000000111000000000
00000000111000000000111000000000
00000000111000000000111000000000
00000000111000000000011000000000
00000000110000000000011000000000
00000000110000000000011000000000
00000000110000000000111000000000
00000000110000000000111000000000
00000000110000000000111000000000
00000000111000000000111000000000
00000000111000000001110000000000
00000000111000000001110000000000
00000000111000000001110000000000
00000000011100000011100000000000
00000000011100000111100000000000
00000000001110001111000000000000
00000000001111111110000000000000
00000000000111111100000000000000
00000000000001110000000000000000
00000000000000000000000000000000
00000000000000000000000000000000
00000000000000000000000000000000