9
00000000001111000000000000000000
00000001111111110000000000000000
00000011111111111000000000000000
00000111100000111100000000000000
00001111000000011110000000000000
00001110000000001111000000000000
00001100000000000111000000000000
00001100000000000111000000000000
00001110000000000111000000000000
00001111100000001111000000000000
00000111111100011111000000000000
00000001111111111111000000000000
00000000001111111011000000000000
00000000000000000011000000000000
00000000000000000011000000000000
00000000000000000011000000000000
00000000000000000011000000000000
00000000000000000011000000000000
00000000000000000011000000000000
00000000000000000011000000000000
00000000000000000011000000000000
00000000000000000011000000000000
00000000000000000011000000000000
00000000000000000011000000000000
00000000000000000011000000000000
00000000000000000011000000000000
00000000000000000011000000000000
00000000000000000011000000000000
00000000000000000011000000000000
00000000000000000011000000000000
00000000000000000000000000000000
00000000000000000000000000000000