4
00000000000000000000000000000000
00000000000000000000000000000000
00000000000000000000001110000000
00000000111000000000001110000000
00000000111000000000001110000000
00000000111100000000001110000000
00000000111100000000001110000000
00000000111100000000001110000000
00000000011100000000001110000000
00000000011100000000001110000000
00000000011100000000001110000000
00000000011100000000001110000000
00000000011100000000001111000000
00000000011100000000001111000000
00000000011100000000001111000000
00000000011100000000000111000000
00000000011100000000000111000000
00000000011111111111100111000000
00000000011111111111111111000000
00000000011111111111111111000000
00000000000000000011111111000000
00000000000000000000000111000000
00000000000000000000000111000000
00000000000000000000000111000000
00000000000000000000000111000000
00000000000000000000000111000000
00000000000000000000000111000000
00000000000000000000000111000000
00000000000000000000000111000000
00000000000000000000000111000000
00000000000000000000000000000000
00000000000000000000000000000000