4
00000000000000000000000000000000
00000000000000000000000000000000
00000000000000000000000000000000
00000000000000000000000000000000
00011000000000000000000000000000
00011100000000000000000000000000
00011100000000000000000000000000
00011100000000000000011000000000
00011100000000000000011100000000
00011110000000000000011100000000
00011110000000000000011100000000
00011100000000000000011100000000
00011100000000000000001100000000
00011110000000000000001100000000
00001110000000111110011110000000
00001111000011111111111110000000
00001111111111111111111111000000
00001111111111111111101111000000
00000111111111000000000111000000
00000000000000000000000111000000
00000000000000000000000011000000
00000000000000000000000011100000
00000000000000000000000011100000
00000000000000000000000001100000
00000000000000000000000001110000
00000000000000000000000001110000
00000000000000000000000000110000
00000000000000000000000000111000
00000000000000000000000000011100
00000000000000000000000000000000
00000000000000000000000000000000
00000000000000000000000000000000