2
00000000000000000000000000000000
00000000000000000000000000000000
00000000000000000000000000000000
00000000111111000000000000000000
00000011111111111000000000000000
00000111111111111100000000000000
00000111111111111100000000000000
00000111110000111110000000000000
00000111100000011110000000000000
00000111000000001111000000000000
00000111000000001111000000000000
00000111000000000111000000000000
00000111000000000111000000000000
00000111000000000111000000000000
00000111000000000011000000000000
00000000000000000011100000000000
00000000000000000011100000000000
00000000000000000011100000000000
00000000000000000011100000000000
00000000000000000011100000000000
00000000000000000011100000000000
00000000000011100111100000000000
00000000000111111111110000000000
00000000001111111111111000000000
00000000001110011111111100000000
00000000001100001111111100000000
00000000001110011111011100000000
00000000001111111110000000000000
00000000000111111100000000000000
00000000000001110000000000000000
00000000000000000000000000000000
00000000000000000000000000000000