2
00000000000000000000000000000000
00000000000000000000000000000000
00000000000000000000000000000000
00000001111111110000000000000000
00000111000000011000000000000000
00001100000000001100000000000000
00001000000000000100000000000000
00001000000000000010000000000000
00001000000000000010000000000000
00001000000000000010000000000000
00000000000000000010000000000000
00000000000000000010000000000000
00000000000000000010000000000000
00000000000000000010000000000000
00000000000000000010000000000000
00000000000000000010000000000000
00000000000000000110000000000000
00000000000000000100000000000000
00000000000000000100000000000000
00000000000000001100000000000000
00000000000000001000000000000000
00000000000000011000000000000000
00000000000000010000000000000000
00000000000111111111110000000000
00000000111101100000011100000000
00000011100001000000000111000000
00001100000011000000000001110000
00001100000110000000000000011100
00000100001100000000000000000000
00000110011000000000000000000000
00000011110000000000000000000000
00000000000000000000000000000000