8
00000000000000000000000000000000
00000000000000000000000000000000
00000000000000000000000000000000
00000000000000000111100000000000
00000000000000111111110000000000
00000000000011111111111110000000
00000000001111111111111111000000
00000000011111001111000111100000
00000000111100001000000011110000
00000011111000000000000001110000
00000011110000000000000000110000
00000011100000000000000001110000
00000011100000000000000011110000
00000011110000000000001111100000
00000001111000000111111111000000
00000000111111111111111100000000
00000001111111111111100000000000
00000011111111100000000000000000
00000111100111111000000000000000
00000111000001111110000000000000
00000111000000011111000000000000
00000111000000001111100000000000
00000111000000000011110000000000
00000011100000000001111000000000
00000011110000000000111100000000
00000001111000000000011100000000
00000000111110000000111100000000
00000000011111111111111000000000
00000000000111111111110000000000
00000000000001111111100000000000
00000000000000000000000000000000
00000000000000000000000000000000