5
00000000000000000000000000000000
00000000000000000000000000000000
00000000000000000000000000000000
00000000000000000000000000000000
00000001111111111111111110000000
00000001000000000000000000000000
00000001000000000000000000000000
00000001000000000000000000000000
00000001000000000000000000000000
00000001000000000000000000000000
00000001000000000000000000000000
00000001000000000000000000000000
00000001000000000000000000000000
00000001000000000000000000000000
00000001000001111111110000000000
00000001011111000000011000000000
00000001110000000001001000000000
00000000000000000000001000000000
00000000000000000000001100000000
00000000000000000000000100000000
00000000000000000000000100000000
00000000000000000000000100000000
00000000000000000000000100000000
00000000000000000000000100000000
00000000000000000000000100000000
00000011000000000000001100000000
00000001100000000000001000000000
00000000110000000000011000000000
00000000011100000000110000000000
00000000000111000001100000000000
00000000000001111111000000000000
00000000000000000000000000000000