5
00000000000000000000000000000000
00000000000000000000000000000000
00000000000000000000000000000000
00000000000000000000000000000000
00000000000000000000000000000000
00000000001111111111111000000000
00000000001000000000000000000000
00000000001000000000000000000000
00000000001000000000000000000000
00000000011000000000000000000000
00000000010000000000000000000000
00000000010000000000000000000000
00000000011000000000000000000000
00000000001000000000000000000000
00000000001011111110000000000000
00000000001110000011111000000000
00000000000000000000000110000000
00000000000000000000000010000000
00000000000000000000000010000000
00000000000000000000000010000000
00000000000000000000000110000000
00000000010000000000000100000000
00000000011000000000001100000000
00000000001100000000001000000000
00000000000111000000011000000000
00000000000001111111110000000000
00000000000000000011000000000000
00000000000000000000000000000000
00000000000000000000000000000000
00000000000000000000000000000000
00000000000000000000000000000000
00000000000000000000000000000000