5
00000000000000000000000000000000
00000000000000000000000000000000
00000000000000000000000000000000
00000000000000000000000000000000
00000001111111111111111111100000
00000000100000000000000000000000
00000000100000000000000000000000
00000000100000000000000000000000
00000000100000000000000000000000
00000000100000000000000000000000
00000000100000000000000000000000
00000001100000000000000000000000
00000001100000000000000000000000
00000001000000000000000000000000
00000001000000001111110000000000
00000001000011111000011100000000
00000001011110000001000110000000
00000001110000000000000011000000
00000000000000000000000001000000
00000000000000000000000001000000
00000000000000000000000001000000
00000000000000000000000001000000
00000000000000000000000001000000
00000000000000000000000001000000
00000000000000000000000011000000
00000000100000000000000110000000
00000000110000000000001100000000
00000000011000000000001100000000
00000000001000000000111000000000
00000000001100000001100010000000
00000000000111111111000000000000
00000000000000000000000000000000