9
00000000000000000000000000000000
00000000000000000000000000000000
00000000000000000000000000000000
00000000000000000000000000000000
00000000111111111111110000000000
00000011100000000000011000000000
00000110000000000000011000000000
00001100000000000000011000000000
00001000000000000000111000000000
00001000000000000001101000000000
00001100000000000011001000000000
00000100000000000110001000000000
00000110000000001100001000000000
00000011110000111000001000000000
00000000011111100000001000000000
00000000000000000000001000000000
00000000000000000000001000000000
00000000000000000000001000000000
00000000000000000000001000000000
00000000000000000000001000000000
00000000000000000000001000000000
00000000000000000000001000000000
00000000000000000000001000000000
00000000000000000000001000000000
00000000000000000000001000000000
00000000000000000000001000000000
00000000000000000000001000000000
00000000000000000000011000000000
00000000000000000000011000000000
00000000000000000000000000000000
00000000000000000000000000000000
00000000000000000000000000000000