8
00000000000000000000000000000000
00000000000000000000000000000000
00000000000000000000000000000000
00000000000000000000000000000000
00000000001110000000000000000000
00000000000011010000000000000000
00000000000000100000000000000000
00000000000001110000000000000000
00000000000001010000000000000000
00000000000010011000000000000000
00000000000110001100000000000000
00000000000100000100000000000000
00000000000100000110000000000000
00000000001000000010000000000000
00000000001000000010000000000000
00000000001000000010000000000000
00000000001100000110000000000000
00000000111111111100000000000000
00000001000001111100000000000000
00000001000000000110000000000000
00000001000000000010000000000000
00000001000000000010000000000000
00000001100000000100000000000000
00000001100000000100000000000000
00000000111100011000000000000000
00000000000111110000000000000000
00000000000000000000000000000000
00000000000000000000000000000000
00000000000000000000000000000000
00000000000000000000000000000000
00000000000000000000000000000000
00000000000000000000000000000000