9
00000000000000000000000000000000
00000000000000000000000000000000
00000000000001100000000000000000
00000000000111111000000000000000
00000000011111011100000000000000
00000001111100001100000000000000
00000011110000001110000000000000
00000011000000000110000000000000
00000011000000000110000000000000
00000011000000001110000000000000
00000011000000001110000000000000
00000011110000111110000000000000
00000001111111111110000000000000
00000000011111100110000000000000
00000000000000000110000000000000
00000000000000000111000000000000
00000000000000000011000000000000
00000000000000000011000000000000
00000000000000000011000000000000
00000000000000000011000000000000
00000000000000000011000000000000
00000000000000000011000000000000
00000000000000000011000000000000
00000000000000000011000000000000
00000000000000000011000000000000
00000000000000000011000000000000
00000000000000000011000000000000
00000000000000000011000000000000
00000000000000000011000000000000
00000000000000000111000000000000
00000000000000000000000000000000
00000000000000000000000000000000