3
00000000000000000000000000000000
00000000000000000000000000000000
00000000000000000000000000000000
00000000000000000000000000000000
00000000000000000000000000000000
00000000000000000000000000000000
00000000000000000111100000000000
00000000000000011100110000000000
00000000000001110000011000000000
00000000000011100000001100000000
00000000000010000000000100000000
00000000000000000000000100000000
00000000000000000000000100000000
00000000000000000000001100000000
00000000000000000000111000000000
00000000000000001111110000000000
00000000000000000001110000000000
00000000000000000000011000000000
00000000000000000000001100000000
00000000000000000000000100000000
00000000000000000000000100000000
00000000000000000000000100000000
00000000000000000000000100000000
00000000000010000000001100000000
00000000000011100000111100000000
00000000000001111101110000000000
00000000000000001111000000000000
00000000000000000000000000000000
00000000000000000000000000000000
00000000000000000000000000000000
00000000000000000000000000000000
00000000000000000000000000000000