5
00000000000000000000000000000000
00000000010000100000000000000000
00000000010001000000000000000000
00000000000001000000000000000000
00000000110100010000000000000000
00000000000010001000000000000000
00000000001111111111100000000000
00000000011111111111110000000000
00000000011000000000000000000000
00000000011000001000000000000000
00000000011000000000000100000000
00000000011000000000000000000000
00000000011000000000000000000000
00000000011000000110000100000000
00000000011001111111110000000000
00000000011111111111111000000000
00000000011111000000011100000001
00000000000000010001001111000000
00000000100010000000010111000000
00000000000000001001100111000000
00000000010000010000001100000000
00000000000110000110111000000000
00000000001111111111101000000000
00000000000011111111000000000000
00000000000000000000000000000000
00000000000000000000000000000000
00000000000000000000000000000000
00000000000000000000000000000000
00000000000000000000000000000000
00000000000000000000000000000000
00000000000000000000000000000000
00000000000000000000000000000000