7
00000000000000000000000000000000
00000000000000000000000000000000
00000000000000001111111110000000
00000000000111111111111110000000
00000111111111111111111110000000
00001111111111111100011110000000
00001111111000000000001110000000
00000111000000000000001110000000
00000000000000000000001110000000
00000000000000000000001110000000
00000000000000000000001100000000
00000000000000000000001100000000
00000000000000000000001100000000
00000000000000000000001100000000
00000000000000000000001100000000
00000000000000000000001100000000
00000000000000000000011100000000
00000000000000000000001100000000
00000000000000000000001100000000
00000000000000000000001100000000
00000000000000000000001110000000
00000000000000000000001110000000
00000000000000000000001110000000
00000000000000000000000110000000
00000000000000000000000110000000
00000000000000000000000110000000
00000000000000000000000111000000
00000000000000000000000111000000
00000000000000000000000011100000
00000000000000000000000001100000
00000000000000000000000000000000
00000000000000000000000000000000