0
00000000000000000000000000000000
00000000000010001000000000000000
00000000000000000000000000000000
00000000000000110100000000000000
00000000000000001000100000000000
00000000000000111111001000000000
00000000000111111111001000000000
00000000001110001011100000000000
00000000001100100101110000000000
00000000011000000010110000000000
00000000111010000000011000000000
00000001110000000001011100000000
00000001100100000010001100000000
00000001101001000010011100000000
00000011010000000100001100000000
00000001100100000000001100000000
00100001100000000000011100000000
00000001100100000000001100000000
00000001101000000000001100000000
00000001110110100000011000000000
00000000111000000000111000000000
00000000011100000000111000000000
00000000001110000011110000000000
00001000010111111111100000000000
00000000000001111110000000000000
00000000000000011000000000000000
00000000000000000000000000000000
00000000000000000000000000000000
00000000000000000000000000000000
00000000000000000000000000000000
00000000000000000000000000000000
00000000000000000000000000000000