6
00000000000000000000000000000000
00000000000000000000000000000000
00000000000000000000000000000000
00000000000000000000000000000000
00000000000000001100000000000000
00000000000000111100000000000000
00000000000011111100000000000000
00000000000111100000000000000000
00000000000110100000000000000000
00000000011000000000000000000000
00000000011000000000000000000000
00000100110000000000000000000000
00000101101010000000000000000000
00000001100000000000000000000000
00000001110100100000000000000000
00000001101001000000000000000000
10000001100000000100010000000000
00000001111111111111101000000000
00000001111111111111110000000000
00000001110100000100110100000000
00000000110100100000011100000000
00000000111000000010110000000000
00000000011001000000110000000000
00000000011100000001101000000000
00000000001111011111000000000000
00000000100111111110000000000000
00000000000001100000000000000000
00000000001100000000000000000000
00000000000010010000000000000000
00000000000000000000000000000000
00000000001000000000000000000000
00000000000000000000000000000000