8
00000000000000000000000000000000
00000000000000000000000000000000
00000000000000000000000000000000
00000000000011111100000000000000
00000000001111111110000000000000
00000000111110000110000000000000
00000001111000000111000000000000
00000011100000000011000000000000
00000011000000000011100000000000
00000011000000000001100000000000
00000011000000000001100000000000
00000011000000000001100000000000
00000011000000000001100000000000
00000011000000000001100000000000
00000011110000000001100000000000
00000001111111100011100000000000
00000000011111111111000000000000
00000000000000011111110000000000
00000000000000011101111100000000
00000000000001111000011110000000
00000000000011110000000110000000
00000000000111000000000110000000
00000000000110000000000110000000
00000000001110000000000110000000
00000000001100000000001110000000
00000000001100000000011100000000
00000000001100000000111100000000
00000000001100000011110000000000
00000000001100001111100000000000
00000000001111111110000000000000
00000000000011111000000000000000
00000000000000000000000000000000