3
00000000000000000000000000000000
00000000000000000000000000000000
00000000000000000000000000000000
00000000000000000000000000000000
00000000111111111000000000000000
00000001111111111110000000000000
00000000000000001111100000000000
00000000000000000001110000000000
00000000000000000000111000000000
00000000000000000000011000000000
00000000000000000000011000000000
00000000000000000000011000000000
00000000000000000000011000000000
00000000000000000000011000000000
00000000000000000001111000000000
00000000000000001111110000000000
00000000001111111111111000000000
00000000011111111111111110000000
00000000000000000000001111000000
00000000000000000000000011000000
00000000000000000000000011100000
00000000000000000000000001100000
00000000000000000000000011100000
00000000000000000000000011000000
00000000000000000000011111000000
00000000000000000011111110000000
00000000111111111111110000000000
00000001111111111110000000000000
00000000000000000000000000000000
00000000000000000000000000000000
00000000000000000000000000000000
00000000000000000000000000000000