6
00000000000000000000000000000000
00000000000000000000000000000000
00000000000000000000000000000000
00000000000000000000000000000000
00000000000000000001110000000000
00000000000000000011000000000000
00000000000000000110000000000000
00000000000000011100000000000000
00000000000000110000000000000000
00000000000001100000000000000000
00000000000011000000000000000000
00000000000110000000000000000000
00000000001100000000000000000000
00000000011001100000000000000000
00000000010000000000000000000000
00000000010000000000000000000000
00000000110000000001000000000000
00000000100000000000000000000000
00000000100000011111100000000000
00000000100001110001110000000000
00000000100011000000011101000000
00000000100010000000001100000000
00000000100110000000000100000000
00000000110100000000000100000000
00000000011100000000000100000000
00000000011000000000001100000000
00000000001100000000011000000000
00000000000111000011110000000000
00000000000001111110000000000000
00000000000000000000000000000000
00000000000000000000000000000000
00000000000000000000000000000000