9
00000000000000000000000000000000
00000000000000000000000000000000
00000000000000000000000000000000
00000000000000000011110000000000
00000000000000011111110000000000
00000000000001111111111000000000
00000000000111111111110000000000
00000000011111111111100000000000
00000000111111011111000000000000
00000001111100001111000000000000
00000001111000001111100000000000
00000011110000001111100000000000
00000011100000001111100000000000
00000011100000011111100000000000
00000011110000111111100000000000
00000011111001111111110000000000
00000001111111111011110000000000
00000000111111110001111000000000
00000000001110000000111000000000
00000000000000000000111000000000
00000000000000000000111000000000
00000000000000000000011100000000
00000000000000000000011100000000
00000000000000000000011110000000
00000000000000000000001110000000
00000000000000000000001111000000
00000000000000000000001111000000
00000000000000000000000111000000
00000000000000000000000010000000
00000000000000000000000000000000
00000000000000000000000000000000
00000000000000000000000000000000