1
00000000000000000000000000000000
00000000000000010000000000000000
00000000000001111000000000000000
00000000000111111000000000000000
00000000001111011000000000000000
00000000011100011000000000000000
00000000011000011000000000000000
00000000000000011000000000000000
00000000000000011000000000000000
00000000000000011000000000000000
00000000000000011000000000000000
00000000000000011000000000000000
00000000000000011000000000000000
00000000000000011000000000000000
00000000000000011000000000000000
00000000000000011000000000000000
00000000000000011000000000000000
00000000000000011000000000000000
00000000000000011000000000000000
00000000000000011000000000000000
00000000000000011000000000000000
00000000000000011000000000000000
00000000000000011000000000000000
00000000000000011000000000000000
00000000000000011000000000000000
00000000000000011100000000000000
00000000000111111100000000000000
00000000111111111111111111000000
00000001111111111111111111000000
00000000000000000000000000000000
00000000000000000000000000000000
00000000000000000000000000000000