6
00000000000000000000000000000000
00000000000000000000000000000000
00000000000000000000000000000000
00000000000000000111111100000000
00000000000001111111111100000000
00000000000111111100000000000000
00000000001111000000000000000000
00000000011100000000000000000000
00000000011000000000000000000000
00000000011000000000000000000000
00000000111000000000000000000000
00000000110000000000000000000000
00000000110000000000000000000000
00000000110000000000000000000000
00000000110000000000000000000000
00000000110000000000000000000000
00000000110000000000000000000000
00000000110000000000000000000000
00000000110000000000000000000000
00000000011000000000000000000000
00000000011000000000000000000000
00000000011000000111111000000000
00000000011101111111111100000000
00000000001111111100001110000000
00000000001111000000000110000000
00000000001111100000001110000000
00000000000001111100001110000000
00000000000000111111111110000000
00000000000000000111111100000000
00000000000000000000000000000000
00000000000000000000000000000000
00000000000000000000000000000000