5
00000000000000000000000000000000
00000000000000000000000000000000
00000000000000000000000000000000
00000000000000000000000000000000
00000000000000111111111000000000
00000000111111000000000000000000
00000000100000000000000000000000
00000000100000000000000000000000
00000000010000000000000000000000
00000000010000000000000000000000
00000000010000011111100000000000
00000000010000100000011000000000
00000000001001000000000100000000
00000000001010000000000100000000
00000000001100000000000100000000
00000000001100000000000100000000
00000000000000000000000010000000
00000000000000000000000010000000
00000000000000000000000010000000
00001000000000000000000010000000
00001000000000000000000010000000
00000100000000000000000010000000
00000100000000000000000110000000
00000010000000000000000100000000
00000001000000000000000100000000
00000001000000000000001100000000
00000000111000000000011000000000
00000000000111111111100000000000
00000000000000000000000000000000
00000000000000000000000000000000
00000000000000000000000000000000
00000000000000000000000000000000