4
00000000000000000000000000000000
00000000000000000000000000000000
00000000000000000000000000000000
00000000000000000000000000000000
00000000000000000000000000000000
00000000000000000000000000000000
00000000000000011000000000000000
00000000000000110000110000000000
00000000000001100001100000000000
00000000000011000001100000000000
00000000000110000001100000000000
00000000000110000001100000000000
00000000001100000001100000000000
00000000001000000001100000000000
00000000011000000001100000000000
00000000110000000001100000000000
00000001100000000001100000000000
00000001111111111111100000000000
00000000000000000111111110000000
00000000000000000001100011100000
00000000000000000001100000000000
00000000000000000001100000000000
00000000000000000001100000000000
00000000000000000001100000000000
00000000000000000001100000000000
00000000000000000001100000000000
00000000000000000000110000000000
00000000000000000000110000000000
00000000000000000000110000000000
00000000000000000000010000000000
00000000000000000000000000000000
00000000000000000000000000000000