6
00000000000000000000000000000000
00000000000000000000000000000000
00000000111100000000000000000000
00000001111100000000000000000000
00000011111100000000000000000000
00000111111000000000000000000000
00000111110000000000000000000000
00001111100000000000000000000000
00001111000000000000000000000000
00001111000000000000000000000000
00011110000000000000000000000000
00011110000000000000000000000000
00011110000000000000000000000000
00011100000000000000000000000000
00011100000000000000000000000000
00011100000000000000000000000000
00011100000000000000000000000000
00011100001111111110000000000000
00011100011111111111100000000000
00011100111111111111110000000000
00011111111110001111111000000000
00011111111100000011111100000000
00011111111000000001111100000000
00001111110000000000111100000000
00001111111100000000111100000000
00000011111111100001111100000000
00000001111111111111111100000000
00000000011111111111111000000000
00000000000001111111110000000000
00000000000000000000000000000000
00000000000000000000000000000000
00000000000000000000000000000000