1
00000000000000000000000000000000
00000000000000111100000000000000
00000000000001111100000000000000
00000000000001111100000000000000
00000000000011111100000000000000
00000000000111111100000000000000
00000000001111111100000000000000
00000000001111011100000000000000
00000000111111011100000000000000
00000000111110011100000000000000
00000000111100011100000000000000
00000000111000011100000000000000
00000000000000011100000000000000
00000000000000011100000000000000
00000000000000011100000000000000
00000000000000011100000000000000
00000000000000011100000000000000
00000000000000011100000000000000
00000000000000011100000000000000
00000000000000011100000000000000
00000000000000011100000000000000
00000000000000011100000000000000
00000000000000011100000000000000
00000000000000011100000000000000
00000000000000011100000000000000
00000000000000011100000000000000
00000000000001111111110000000000
00000001111111111111111110000000
00000001111111111111111110000000
00000001111111111111111110000000
00000000000000000000000000000000
00000000000000000000000000000000