1
00000000000000000000000000000000
00000000000000000000000000000000
00000000000000000000000000000000
00000000000001110000000000000000
00000000000011110000000000000000
00000000000011110000000000000000
00000000000111110000000000000000
00000000000111110000000000000000
00000000001111110000000000000000
00000000001111110000000000000000
00000000011111111000000000000000
00000000111111111000000000000000
00000000111101111000000000000000
00000000111100111000000000000000
00000000111000111000000000000000
00000000000000111000000000000000
00000000000000111000000000000000
00000000000000111000000000000000
00000000000000111000000000000000
00000000000000111000000000000000
00000000000000111000000000000000
00000000000000111000000000000000
00000000000000111000000000000000
00000000000001111000000000000000
00000000000001111000000000000000
00000000000111111000000000000000
00000000011111111111110000000000
00000000011111111111110000000000
00000000011111111111110000000000
00000000000000000000000000000000
00000000000000000000000000000000
00000000000000000000000000000000