4
00000000000000000000000000000000
00000000000000000000000000000000
00000000000000000000000000000000
00000000000100000000000000000000
00000000001110000011000000000000
00000000001110000011100000000000
00000000001110000011000000000000
00000000001100000011000000000000
00000000011100000111000000000000
00000000011100000111000000000000
00000000011100000111000000000000
00000000011100000111000000000000
00000000011100000111000000000000
00000000011100000111000000000000
00000000011100111111100000000000
00000000011111111111100000000000
00000000011111111111000000000000
00000000011110000111000000000000
00000000000000000110000000000000
00000000000000000110000000000000
00000000000000000110000000000000
00000000000000000110000000000000
00000000000000000110000000000000
00000000000000000110000000000000
00000000000000000110000000000000
00000000000000000110000000000000
00000000000000000110000000000000
00000000000000000110000000000000
00000000000000000110000000000000
00000000000000000000000000000000
00000000000000000000000000000000
00000000000000000000000000000000