4
00000000000000000000000000000000
00000000000000000000000000000000
00000000000000000000000000000000
00000000110000000000001100000000
00000001111000000000011110000000
00000011111000000000011110000000
00000111110000000000111110000000
00000111110000000000111110000000
00000111100000000000111100000000
00000111100000000000111100000000
00000111100000000000111100000000
00000111100000000000111100000000
00000111100000000000111100000000
00000111100000000001111100000000
00000111100000000001111000000000
00000111100000000001111000000000
00000111111111111111111100000000
00000111111111111111111100000000
00000111111111111111111000000000
00000011111111111111110000000000
00000000000000000011110000000000
00000000000000000111110000000000
00000000000000000111100000000000
00000000000000000111100000000000
00000000000000000111100000000000
00000000000000000111100000000000
00000000000000000111100000000000
00000000000000000111100000000000
00000000000000000011000000000000
00000000000000000000000000000000
00000000000000000000000000000000
00000000000000000000000000000000