9
00000000000001100000000000000000
00000000000011111000000000000000
00000000000110011100000000000000
00000000000110000110000000000000
00000000000100000010000000000000
00000000000100000011000000000000
00000000000100000001100000000000
00000000000100000000100000000000
00000000000110000000100000000000
00000000000011100000110000000000
00000000000000111111110000000000
00000000000000000000010000000000
00000000000000000000010000000000
00000000000000000000010000000000
00000000000000000000010000000000
00000000000000000000010000000000
00000000000000000000010000000000
00000000000000000000010000000000
00000000000000000000010000000000
00000000000000000000110000000000
00000000000000000000110000000000
00000000000000000000100000000000
00000000000000000000100000000000
00000000000000000001100000000000
00000000000000000001000000000000
00000000000000000001000000000000
00000000000000000001000000000000
00000000000000000000000000000000
00000000000000000000000000000000
00000000000000000000000000000000
00000000000000000000000000000000
00000000000000000000000000000000