9
00000000000000000000000000000000
00000000000000000000000000000000
00000000000000011100000000000000
00000000000011111110000000000000
00000000000110000010000000000000
00000000001100000110000000000000
00000000011000000100000000000000
00000000010000000100000000000000
00000000110000001100000000000000
00000000110000001100000000000000
00000001100000011100000000000000
00000001100000111100000000000000
00000001000000111100000000000000
00000001000001101000000000000000
00000001100011001000000000000000
00000001100110001000000000000000
00000000111100001000000000000000
00000000000000011000000000000000
00000000000000011000000000000000
00000000000000010000000000000000
00000000000000010000000000000000
00000000000000010000000000000000
00000000000000010000000000000000
00000000000000110000000000000000
00000000000000110000000000000000
00000000000000100000000000000000
00000000000000100000000000000000
00000000000000100000000000000000
00000000000000100000000000000000
00000000000000110000000000000000
00000000000000110000000000000000
00000000000000000000000000000000