0
00000000000000000000000000000000
00000000000000000000000000000000
00000000000000000000000000000000
00000000000000000000000000000000
00000000000001110000000000000000
00000000000011111000000000000000
00000000000111001100000000000000
00000000000110001110000000000000
00000000001100000111000000000000
00000000011000000011100000000000
00000000011000000001100000000000
00000000110000000000110000000000
00000000110000000000110000000000
00000000100000000000011000000000
00000001100000000000011000000000
00000001100000000000001100000000
00000001000000000000001100000000
00000001000000000000000100000000
00000001100000000000000100000000
00000001100000000000000100000000
00000000100000000000000100000000
00000000100000000000000100000000
00000000100000000000000100000000
00000000100000000000000100000000
00000000110000000000000100000000
00000000110000000000001100000000
00000000011000000000001100000000
00000000011100000000011000000000
00000000001110000011110000000000
00000000000011111111000000000000
00000000000000000000000000000000
00000000000000000000000000000000