4
00000000000000000000000000000000
00000000000000000000000000000000
00000100000000000000000001000000
00000100000000000000000001000000
00000100000000000000000001000000
00000100000000000000000001000000
00000100000000000000000001000000
00000100000000000000000001000000
00000100000000000000000001000000
00000100000000000000000001000000
00000100000000000000000001000000
00000100000000000000000001000000
00000100000000000000000001000000
00000100000000000000000011000000
00000100000000000000000011000000
00000111111111111111111111111100
00000000000000000000000001000000
00000000000000000000000001000000
00000000000000000000000001000000
00000000000000000000000001000000
00000000000000000000000001000000
00000000000000000000000001000000
00000000000000000000000001000000
00000000000000000000000001000000
00000000000000000000000001000000
00000000000000000000000001000000
00000000000000000000000001000000
00000000000000000000000001000000
00000000000000000000000001000000
00000000000000000000000000000000
00000000000000000000000000000000
00000000000000000000000000000000