4
00000000000000000000000000000000
00000000000000000000000000000000
00000111000000000000111000000000
00000111000000000000111000000000
00000111000000000000111000000000
00000111000000000000111000000000
00000111000000000000111000000000
00000111000000000000111000000000
00000111000000000000111000000000
00000111000000000000111000000000
00001111000000000000111000000000
00001111000000000000111000000000
00001111000000000001111000000000
00001110000000000001111000000000
00001111111111111111110000000000
00001111111111111111111111110000
00001111111111111111111111110000
00000000000000001111111111110000
00000000000000000001110000000000
00000000000000000001110000000000
00000000000000000001110000000000
00000000000000000001110000000000
00000000000000000001110000000000
00000000000000000001110000000000
00000000000000000001110000000000
00000000000000000001110000000000
00000000000000000001111000000000
00000000000000000001111000000000
00000000000000000001111000000000
00000000000000000000111000000000
00000000000000000000000000000000
00000000000000000000000000000000