8
00000000000000000000000000000000
00000000000000000000000000000000
00000000000000111100000000000000
00000000000011111111000000000000
00000000000111100111100000000000
00000000011110000001110000000000
00000000111100000000111000000000
00000000110000000000011000000000
00000001110000000000011100000000
00000011100000000000001100000000
00000011000000000000001100000000
00000011000000000000011100000000
00000011000000000000011000000000
00000011100000000000011000000000
00000001100000000000111000000000
00000001110000000011110000000000
00000000111000111111100000000000
00000000011111111110000000000000
00000000011111111111100000000000
00000000111011111111110000000000
00000001110000000000111000000000
00000001100000000000011100000000
00000001100000000000001100000000
00000001100000000000001100000000
00000001100000000000001100000000
00000001100000000000011100000000
00000001111000000000111000000000
00000000011111111111111000000000
00000000000111111111100000000000
00000000000000000000000000000000
00000000000000000000000000000000
00000000000000000000000000000000