6
00000000000000000000000000000000
00000000000000000000000000000000
00000000000000000000000000000000
00000000000000000000000000000000
00000000000000000001110000000000
00000000000000000111000000000000
00000000000000001110000000000000
00000000000000011000000000000000
00000000000000110000000000000000
00000000000001100000000000000000
00000000000111000000000000000000
00000000000110000000000000000000
00000000001100000000000000000000
00000000011001100000000000000000
00000000110000000000000000000000
00000000100000000000000000000000
00000000100000000001000000000000
00000000100000111100000000000000
00000000100111100111000000000000
00000000111100000001100000000000
00000001110000000000100001000000
00000001100000000000100000000000
00000001100000000000100000000000
00000001100000000000100000000000
00000001000000000000100000000000
00000001000000000000100000000000
00000001100000000001100000000000
00000000110000000011000000000000
00000000111000000110000000000000
00000000001111111100000000000000
00000000000000000000000000000000
00000000000000000000000000000000