7
00000000000000000000000000000000
00000000000000000000000000000000
00001111000000000000000000000000
00001111111111111110000000111100
00001111111111111111111111111100
00000111111111111111111111111100
00000000000000000111111111111100
00000000000000000000000000011100
00000000000000000000000000011100
00000000000000000000000000011100
00000000000000000000000000011100
00000000000000000000000000011100
00000000000000000000000000011100
00000000000000000000000000011100
00000000000000000000000000011100
00000000000000111111111111111100
00000000000000111111111111111100
00000000000000111111111111111000
00000000000000000000000000111000
00000000000000000000000000111000
00000000000000000000000000111000
00000000000000000000000000111000
00000000000000000000000000111000
00000000000000000000000000111000
00000000000000000000000000111000
00000000000000000000000000111000
00000000000000000000000000111000
00000000000000000000000000111000
00000000000000000000000000111000
00000000000000000000000000000000
00000000000000000000000000000000
00000000000000000000000000000000