6
00000000000000000000000000000000
00000000000000000000000000000000
00000000000000000000000000000000
00000000000000000000111111000000
00000000000000000111111111000000
00000000000000011111100000000000
00000000000001111110000000000000
00000000000111110000000000000000
00000000001111000000000000000000
00000000111110000000000000000000
00000001111000000000000000000000
00000011110000000000000000000000
00000111000000000000000000000000
00000111000000000000000000000000
00000110000000000000000000000000
00001111000000000000000000000000
01111111111100000000000000000000
01111111111111111000000000000000
01101100001111111111000000000000
00001100000000011111100000000000
00001100000000000001100000000000
00001110000000000001100000000000
00001110000000000011100000000000
00000111100000001111100000000000
00000011111000111111000000000000
00000001111111111100000000000000
00000000001111110000000000000000
00000000000000000000000000000000
00000000000000000000000000000000
00000000000000000000000000000000
00000000000000000000000000000001
00000000000000000000000000000000