5
00000000000000000000000000000000
00000000000000000000000000000000
00000100000000000000000000000000
00000111111111111111111110000000
00001111111111111111111100000000
00001100000000000000000000000000
00001100000000000000000000000000
00001100000000000000000000000000
00011111100000000000000000000000
00011111111000000000000000000000
00011000111110000000000000000000
00011000001110000000000000000000
00000000000111000000000000000000
00000000000011000000000000000000
00000000000011000000000000000000
00000000000011100000000000000000
00000000000001100000000000000000
00000000000001100000000000000000
00000000000011100000000000000000
00000000000111000000000000000000
10000000001111000000000000000000
11000000111110000000000000000000
01111111111000000000000000000000
00111111100000000000000000000000
00011100000000000000000000000000
00000000000000000000000000000000
00000000000000000000000000000000
00000000000000000000000000000000
00000000000000000000000000000000
00000000000000000000000000000000
00000000000000000000000000000000
00000000000000000000000000000000