2
00000000000000000000000000000000
00000000000000000000000000000000
00000000000000000000000000000000
00000000000000000000000000000000
00000000000000000000000000000000
00000000000000000000000000000000
00000000000111110000000000000000
00000000001110010000000000000000
00000000011000010000000000000000
00000000110000110000000000000000
00000001100000110000000000000000
00000001000001100000000000000000
00000000000011100000000000000000
00000000000011000000000000000000
00000000000110000000000000000000
00000000000110000000000000000000
00000000001100000000000000000000
00000000011110000000000000000000
00000000111011111110000000000000
00000001110000011110000000000000
00000000000000000000000000000000
00000000000000000000000000000000
00000000000000000000000000000000
00000000000000000000000000000000
00000000000000000000000000000000
00000000000000000000000000000000
00000000000000000000000000000000
00000000000000000000000000000000
00000000000000000000000000000000
00000000000000000000000000000000
00000000000000000000000000000000
00000000000000000000000000000000