4
00000000000000000000000000000000
00000000000000000000000000000000
00000000000000000000000000000000
00000000000000000000000000000000
00000000000000000000000000000000
00000000000000000000000000000000
00000011000000000000000000000000
00000011000000000110000000000000
00000011000000000110000000000000
00000011000000000110000000000000
00000011000000000110000000000000
00000011100000000110000000000000
00000001100000000110000000000000
00000001100000000110000000000000
00000001100000000110000000000000
00000001100000000110000000000000
00000001110000000110000000000000
00000000110000000110000000000000
00000000111111111111111100000000
00000000001111111111111110000000
00000000000000000110000000000000
00000000000000000110000000000000
00000000000000000110000000000000
00000000000000000111000000000000
00000000000000000011000000000000
00000000000000000011000000000000
00000000000000000011000000000000
00000000000000000011000000000000
00000000000000000011000000000000
00000000000000000000000000000000
00000000000000000000000000000000
00000000000000000000000000000000