8
00000000000000000000000000000000
00000000000000000000000000000000
00000000000000000000000000000000
00000000000000000000000000000000
00000000000000000000000000000000
00000000000000001000000000000000
00000000000001111110000000000000
00000000000011101111000000000000
00000000000111000011100000000000
00000000000110000001100000000000
00000000000110000001100000000000
00000000000110000001100000000000
00000000000111100011100000000000
00000000000011111111100000000000
00000000000011111111110000000000
00000000000111000000111000000000
00000000000110000000011000000000
00000000001100000000011100000000
00000000001100000000001100000000
00000000001100000000001100000000
00000000000110000000001100000000
00000000000111000000011100000000
00000000000011100000111000000000
00000000000011111111110000000000
00000000000000111111000000000000
00000000000000000000000000000000
00000000000000000000000000000000
00000000000000000000000000000000
00000000000000000000000000000000
00000000000000000000000000000000
00000000000000000000000000000000
00000000000000000000000000000000