8
00000000000000000000000000000000
00000000000000000000000000000000
00000000000000111111110000000000
00000000000011111111111000000000
00000000000111111111111100000000
00000000011111111001111100000000
00000000011111000000011100000000
00000000011110000000011100000000
00000000111100000000011100000000
00000000111110000000011100000000
00000000111111000000111100000000
00000000111111100001111100000000
00000000001111110001111100000000
00000000000111110111111000000000
00000000000011111111110000000000
00000000000001111111110000000000
00000000000011111111000000000000
00000000000111111100000000000000
00000000001111111100000000000000
00000000111111111100000000000000
00000001111110011100000000000000
00000011111100011100000000000000
00000011111000011100000000000000
00000011110000111100000000000000
00000011110001111100000000000000
00000011111011111100000000000000
00000001111111111000000000000000
00000001111111110000000000000000
00000000111111000000000000000000
00000000000000000000000000000000
00000000000000000000000000000000
00000000000000000000000000000000