8
00000000000000000000000000000000
00000000000000000000000000000000
00000000000000111110000000000000
00000000000011111111100000000000
00000000000111111111100000000000
00000000000111111001110000000000
00000000001110000001110000000000
00000000001110000001110000000000
00000000001100000011100000000000
00000000001100000111100000000000
00000000001100001111000000000000
00000000001111111111000000000000
00000000001111111111100000000000
00000000000111111111110000000000
00000000001111000001111000000000
00000000001110000000111000000000
00000000011100000000011000000000
00000000011100000000011000000000
00000000011100000000011000000000
00000000011100000000111000000000
00000000011100000000111000000000
00000000011100000001111000000000
00000000011110000011110000000000
00000000001111000111100000000000
00000000000111111111000000000000
00000000000111111110000000000000
00000000000001111000000000000000
00000000000000000000000000000000
00000000000000000000000000000000
00000000000000000000000000000000
00000000000000000000000000000000
00000000000000000000000000000000