4
00000000000000000000000000000000
00000000000000000000000000000000
00000000000000000000000000000000
00000000000000000000000000000000
00000000100000000000000000000000
00000000100000000000000000000000
00000000100000000010000000000000
00000000100000000010000000000000
00000000100000000010000000000000
00000000100000000010000000000000
00000000100000000010000000000000
00000000100000000010000000000000
00000000100000000010000000000000
00000000100000000010000000000000
00000000100000000010000000000000
00000000100000000010001111000000
00000000111111111111111100000000
00000000000000000010000000000000
00000000000000000010000000000000
00000000000000000010000000000000
00000000000000000010000000000000
00000000000000000010000000000000
00000000000000000010000000000000
00000000000000000010000000000000
00000000000000000010000000000000
00000000000000000010000000000000
00000000000000000000000000000000
00000000000000000000000000000000
00000000000000000000000000000000
00000000000000000000000000000000
00000000000000000000000000000000
00000000000000000000000000000000