8
00000000000000000000000000000000
00000000000000000000000000000000
00000000000000000000000000000000
00000000000000000000000000000000
00000000000000000000000000000000
00000000000001111111111000000000
00000000000111111111111100000000
00000000011111111111111110000000
00000000011111110000011110000000
00000000011111000000011110000000
00000000011100000000001110000000
00000000011110000000011110000000
00000000011110000000111110000000
00000000011111011111111110000000
00000000001111111111111100000000
00000000111111111111111000000000
00000001111111111110000000000000
00000001111111111111000000000000
00000001111000111111100000000000
00000001111100001111100000000000
00000001111100000111100000000000
00000000011100000011100000000000
00000000011100000111100000000000
00000000011111011111100000000000
00000000011111111111100000000000
00000000011111111111000000000000
00000000000111111100000000000000
00000000000000000000000000000000
00000000000000000000000000000000
00000000000000000000000000000000
00000000000000000000000000000000
00000000000000000000000000000000