0
00000000000000000000000000000000
00000000000000000000000000000000
00000000000000000000000000000000
00000000000000000000000000000000
00000000000001111111110000000000
00000000000111111111111000000000
00000000001111110001111000000000
00000000001111000000111100000000
00000000011110000000011110000000
00000000011100000000011110000000
00000000111100000000001111000000
00000000111000000000000111000000
00000000111000000000000111000000
00000000111000000000000111000000
00000000110000000000000111100000
00000000110000000000000011100000
00000000110000000000000011110000
00000000111000000000000001110000
00000000111000000000000001110000
00000000111000000000000001110000
00000000111100000000000001110000
00000000011110000000000011110000
00000000011111000000000011100000
00000000001111100000000111100000
00000000000111110000001111000000
00000000000011111000111111000000
00000000000001111111111110000000
00000000000000111111111000000000
00000000000000000000000000000000
00000000000000000000000000000000
00000000000000000000000000000000
00000000000000000000000000000000