0
00000000000000000000000000000000
00000000000000000000000000000000
00000000000000000000000000000000
00000000000000000000000000000000
00000000000000000000000000000000
00000000000001111100000000000000
00000000000011100111000000000000
00000000001110110001100000000000
00000000011000000000100000000000
00000000100000000000010000000000
00000001100000000000010000000000
00000001000000000000001000000000
00000001000000000000001000000000
00000001000000000000001000000000
00000001000000000000000100000000
00000001000000000000000100000000
00000001000000000000000100000000
00000001000000000000000100000000
00000001000000000000000100000000
00000001000000000000000100000000
00000001000000000000000100000000
00000000100000000000000100000000
00000000100000000000000100000000
00000000010000000000000100000000
00000000001000000000000100000000
00000000001110000000000100000000
00000000000011100000111000000000
00000000000000111111100000000000
00000000000000000000000000000000
00000000000000000000000000000000
00000000000000000000000000000000
00000000000000000000000000000000