5
00000000000000000000000000000000
00000000000000000000000000000000
00000000000000000000000000000000
00000000000000000000000000000000
00000000000000000000000000000000
00000000000000000000000000000000
00000000000000000000000000000000
00000000111111111111111000000000
00000000100000000000000100000000
00000000100000000000000000000000
00000001100000000000000000000000
00000001000000000000000000000000
00000001000000000000000000000000
00000001000000000000000000000000
00000001000001111111100000000000
00000001001110000000011000000000
00000001111000000000001100000000
00000001100000000000000100000000
00000000000000000000000110000000
00000000000000000000000010000000
00000000000000000000000010000000
00000000000000000000000010000000
00000000000000000000000010000000
00000000000000000000000010000000
00000000000000000000000010000000
00000000000110000000000010000000
00000000000011100000001100000000
00000000000000111111110000000000
00000000000000000000000000000000
00000000000000000000000000000000
00000000000000000000000000000000
00000000000000000000000000000000