2
00000000000000000000000000000000
00000000000000000000000000000000
00000000000000000000000000000000
00000000000011110000000000000000
00000000001111111100000000000000
00000000111110011110000000000000
00000001111000000111000000000000
00000011100000000011100000000000
00000000000000000001100000000000
00000000000000000001100000000000
00000000000000000001110000000000
00000000000000000000110000000000
00000000000000000000110000000000
00000000000000000000110000000000
00000000000000000000110000000000
00000000000000000000110000000000
00000000000000000000110000000000
00000000000000000001110000000000
00000000000000000001100000000000
00000000000000000001100000000000
00000000000111100011100000000000
00000000001111111111000000000000
00000000011100111111000000000000
00000000011111111111000000000000
00000000011111111011110000000000
00000000000000000000111000000000
00000000000000000000010000000000
00000000000000000000000000000000
00000000000000000000000000000000
00000000000000000000000000000000
00000000000000000000000000000000
00000000000000000000000000000000