6
00000000000000000000000000000000
00000000000000000000000000000000
00000000000000000000000000000000
00000000000000000000000000000000
00000000000000000000000000000000
00000000000001111000000000000000
00000000000011111000000000000000
00000000000111111000000000000000
00000000001111110000000000000000
00000000001111100000000000000000
00000000011111000000000000000000
00000000011110000000000000000000
00000000111110000000000000000000
00000000111100000000000000000000
00000000111100000000000000000000
00000000111011111111000000000000
00000000111111111111110000000000
00000000111111111111110000000000
00000000111111100111110000000000
00000000111110000001110000000000
00000000111100000001110000000000
00000000111100000011110000000000
00000000111110001111110000000000
00000000111111111111110000000000
00000000011111111111100000000000
00000000001111111110000000000000
00000000000000111100000000000000
00000000000000000000000000000000
00000000000000000000000000000000
00000000000000000000000000000000
00000000000000000000000000000000
00000000000000000000000000000000