1
00000000000000000000000000000000
00000000000000000000000000000000
00000000000000000000000000000000
00000000000000000000000000000000
00000000000000000000000000000000
00000000000000000000000000000000
00000000000000000000000000000000
00000000000000000000000000000000
00000000000001100000000000000000
00000000000001100000000000000000
00000000000011100000000000000000
00000000000011100000000000000000
00000000000111100000000000000000
00000000001101000000000000000000
00000000011001000000000000000000
00000000110001000000000000000000
00000000000001000000000000000000
00000000000001000000000000000000
00000000000001000000000000000000
00000000000001000000000000000000
00000000000001000000000000000000
00000000000111000000000000000000
00000000011111010000000000000000
00000000000111110000000000000000
00000000000000000000000000000000
00000000000000000000000000000000
00000000000000000000000000000000
00000000000000000000000000000000
00000000000000000000000000000000
00000000000000000000000000000000
00000000000000000000000000000000
00000000000000000000000000000000