3
00000000000000000000000000000000
00000000000000000000000000000000
00000000000000000000000000000000
00000000000000000000000000000000
00000000000000000000000000000000
00000000000000000000000000000000
00000000000000000000011100000000
00000000000000000111111111000000
00000000000000011111000011000000
00000000000001111000000111000000
00000000000011100000000110000000
00000000000011000000000110000000
00000000000000000000001100000000
00000000000000000000011100000000
00000000000000000000111000000000
00000000000000000001111100000000
00000000000000001111111111100000
00000000000000011111000011100000
00000000000000000000000001110000
00000000000000000000000000110000
00000000000000000000000000110000
00000000000000000000000000110000
00000000000000000000000001110000
00000111000000000000000001100000
00000111111000000000000011100000
00000000111111000000011111000000
00000000001111111111111100000000
00000000000000111111100000000000
00000000000000000000000000000000
00000000000000000000000000000000
00000000000000000000000000000000
00000000000000000000000000000000