9
00000000000000000000000000000000
00000000000000000000000000000000
00000000000000000000000000000000
00000000000000000000000000000000
00000000000000000000000000000000
00000000000000000000000000000000
00000000000000001001100000000000
00000000000011111111110000000000
00000010001111100001111000000000
00011001111100000011100000000000
00010011000000000111100000000000
00000111000000001111101000000000
01001100000000111001100000000000
00001100000111111001100000000000
00101111111111000011101000000000
10000011110000001001100000000000
00000000000000000001100000000000
00000000000000000001100000000000
00000000000000000011000000000000
00000000000000000011000000000000
00000000000000000011000000000000
00000000000000000011000000000000
00000000000000000011000000000000
00000000000000000011000000000000
00000000000000000000000000000000
00000000000000000000000000000000
00000000000000000000000000000000
00000000000000000000000000000000
00000000000000000000000000000000
00000000000000000000000000000000
00000000000000000000000000000000
00000000000000000000000000000000