4
00000000000000000000000000000000
00000000000000000000000000000000
00000000000000000000000000000000
00000000000000000000000000000000
00000111000000000001110000000000
00000111000000000001110000000000
00000111000000000001110000000000
00000111000000000001110000000000
00000111000000000000110000000000
00000111000000000000110000000000
00000110000000000000111000000000
00001110000000000000111000000000
00001110000000000000111000000000
00001111000000000000011000000000
00001110000000000000011100000000
00001110000000000000111100000000
00001111000000111111111100000000
00001111110111111111111110000000
00001111111111111111111110000000
00000111111111111100001110000000
00000111111111100000001111000000
00000111111000000000001111000000
00000111100000000000000111000000
00000010000000000000000111000000
00000000000000000000000011100000
00000000000000000000000011100000
00000000000000000000000011110000
00000000000000000000000001110000
00000000000000000000000001111000
00000000000000000000000001111000
00000000000000000000000000000000
00000000000000000000000000000000