8
00000000000000000000000000000000
00000000000000000000000000000000
00000000000000000000000000000000
00000000000000000000000000000000
00000000000000111111100000000000
00000000000011111111110000000000
00000000000011111011111000000000
00000000000111100001111000000000
00000000000111000000111000000000
00000000000111000000111000000000
00000000000110000000111000000000
00000000000110000001111000000000
00000000000111000011111000000000
00000000000111100111110000000000
00000000000111110111110000000000
00000000000011111111100000000000
00000000000001111110000000000000
00000000000001111111000000000000
00000000000001111111100000000000
00000000000001110111100000000000
00000000000001110011110000000000
00000000000001110011110000000000
00000000000001111001110000000000
00000000000001111111110000000000
00000000000000111111110000000000
00000000000000011111100000000000
00000000000000001111000000000000
00000000000000000000000000000000
00000000000000000000000000000000
00000000000000000000000000000000
00000000000000000000000000000000
00000000000000000000000000000000