4
00000000000000000000000000000000
00000000000000000000000000000000
00010000000000000000000000000000
00010000000000000000000001000000
00010000000000000000000001000000
00010000000000000000000001000000
00010000000000000000000001000000
00010000000000000000000001000000
00010000000000000000000001000000
00010000000000000000000001000000
00010000000000000000000001000000
00010000000000000000000001100000
00010000000000000000000001100000
00010000000000000000000011111100
00010000000000000000000011100000
00010000000000000000001110100000
00011111000000000001111000100000
00000001111111111111000000100000
00000000000000000000000000100000
00000000000000000000000000100000
00000000000000000000000000100000
00000000000000000000000000100000
00000000000000000000000000100000
00000000000000000000000000100000
00000000000000000000000000100000
00000000000000000000000000100000
00000000000000000000000000100000
00000000000000000000000000100000
00000000000000000000000000100000
00000000000000000000000000100000
00000000000000000000000000100000
00000000000000000000000000100000