9
00000000000000000000000000000000
00000000000000000000000000000000
00000000000000000000000000000000
00000000000001111111110000000000
00000000000111000000111100000000
00000000001100000000000100000000
00000000011000000000000100000000
00000000011000000000000100000000
00000000110000000000000100000000
00000000100000000000001100000000
00000001100000000000001100000000
00000001000000000000001100000000
00000001000000000000001100000000
00000001000001100000001100000000
00000001100000000000001100000000
00000000110000000000011100000000
00000000011111111111110100000000
00000000000000000000000100000000
00000000000000000000000100000000
00000000000000000000000100000000
00000000000000000000000101000000
00000000000000000000000100000000
00000000000000000000000100000000
00000000000000000000000100000000
00000000000000000000000100000000
00000000000000000000000100000000
00000000000000000000000100000000
00000000000000000000000100000000
00000000000000000000000100000000
00000000000000000000000100000000
00000000000000000000000100000000
00000000000000000000000000000000