9
00000000000000000000000000000000
00000000000000000000000000000000
00000000000000000000000000000000
00000111111111100000000000000000
00011111000111111111100000000000
00110000000000000001110000000000
01100000000000000000110000000000
01100000000000000000110000000000
01100000000000000000110000000000
01100000000000000000110000000000
00100000000000000000110000000000
00100000000000000000100000000000
00110000000000000000100000000000
00010000000000000000100000000000
00001100000000000001100000000000
00000111110000000001100000000000
00000000111111100001100000000000
00000000000001111110100000000000
00000000000000000000100000000000
00000000000000000000100000000000
00000000000000000000100000000000
00000000000000000000100000000000
00000000000000000000100000000000
00000000000000000000100000000000
00000000000000000000100000000000
00000000000000000000100000000000
00000000000000000000100000000000
00000000000000000000100000000000
00000000000000000000100000000000
00000000000000000000100000000000
00000000000000000000110000000000
00000000000000000000000000000000