9
00000000000000000000000000000000
00000000000000000000000000000000
00000000000000000000000000000000
00000000000001110000000000000000
00000000000110001100000000000000
00000000011000000011110000000000
00000000010000000000110000000000
00000000110000000000111000000000
00000000100000000000011000000000
00000000100000000000011000000000
00000000100000000000011000000000
00000000100000000000011000000000
00000000100000000000011000000000
00000000100000000000001000000000
00000000100000000000001000000000
00000000010000000000011000000000
00000000010000000000011000000000
00000000011000000000111000000000
00000000001100000111001000000000
00000000000011111000001000000000
00000000000000000000001000000000
00000000000000000000001000000000
00000000000000000000001000000000
00000000100000000000001000000000
00000000100000000000001000000000
00000000010000000000010000000000
00000000011000000000110000000000
00000000001110000011000000000000
00000000000001111110000000000000
00000000000000000000000000000000
00000000000000000000000000000000
00000000000000000000000000000000