5
00000000000000000000000000000000
00000011111111111111111100000000
00000111111111111111111100000000
00000111000000000000000000000000
00000111000000000000000000000000
00000111000000000000000000000000
00000111000000000000000000000000
00000111000000000000000000000000
00000111000000000000000000000000
00000111000000000000000000000000
00000111000000000000000000000000
00000111000000000000000000000000
00000111000000000000000000000000
00000111011111111111110000000000
00000111111111111111111000000000
00000111111000000000111000000000
00000011100000000000011100000000
00000000000000000000011100000000
00000000000000000000011100000000
00000000000000000000001100000000
00000000000000000000001100000000
00000000000000000000001100000000
00000000000000000000001100000000
00000000000000000000001100000000
00000000000000000000011100000000
00000000000000000111111000000000
00000011111111111111110000000000
00000011111111111111000000000000
00000011111111100000000000000000
00000000000000000000000000000000
00000000000000000000000000000000
00000000000000000000000000000000