8
00000000000000000000010000000000
00000000000000000000010000000000
00000000000000000000010000000000
00000000000000001100110000000000
00000000000000111111110000000000
00000000000011100000100000000000
00000000000111000001100000000000
00000000001100000001100000000000
00000000001100000001000000000000
00000000011000000011000000000000
00000000010000000011000000000000
00000000110000000010000000000000
00000000100000000110000000000000
00000000100000000100000000000000
00000000110000001100000000000000
00000000110000001000000000000000
00000000011000011000000000000000
00000000011001110000000000000000
00000000001111100000000000000000
00000000000111000000000000000000
00000000001111000000000000000000
00000000001101100000000000000000
00000000011000110000000000000000
00000000010000011000000000000000
00000000110000001000000000000000
00000000110000001000000000000000
00000000110000011000000000000000
00000000011000110000000000000000
00000000011111100000000000000000
00000000000000000000000000000000
00000000000000000000000000000000
00000000000000000000000000000000