5
00000000000000000000000000000000
00000000000000000000000000000000
00000000000000000000000000000000
00000000000000000000110000000000
00000000011111111111100000000000
00000000010000000000000000000000
00000000010000000000000000000000
00000000010000000000000000000000
00000000010000000000000000000000
00000000010000111100000000000000
00000000010011000111000000000000
00000000011100000000110000000000
00000000011000000000010000000000
00000000010000000000001000000000
00000000000000000000001000000000
00000000000000000000001000000000
00000000000000000000000100000000
00000000000000000000000100000000
00000000000000000000000100000000
00000000000000000000000100000000
00000000000000000000000100000000
00000000000000000000000100000000
00000000000000000000000100000000
00000000000000000000000100000000
00000011000000000000001100000000
00000000111110000000011000000000
00000000000010000001110000000000
00000000000001111110000000000000
00000000000000000000000000000000
00000000000000000000000000000000
00000000000000000000000000000000
00000000000000000000000000000000