4
00000000000000000000000000000000
00000000000000000000000000000000
00000000000000000000000000000000
00000001110000000000111000000000
00000001110000000000111000000000
00000001110000000000111000000000
00000001110000000000111000000000
00000001110000000001110000000000
00000001110000000001110000000000
00000001110000000001110000000000
00000001110000000001110000000000
00000001110000000001110000000000
00000001110000000011110000000000
00000001110000000111111100000000
00000000111111111111111111111111
00000000111111111111111111111111
00000000111111100011100000111111
00000000000000000011100000000000
00000000000000000011100000000000
00000000000000000011100000000000
00000000000000000011100000000000
00000000000000000011100000000000
00000000000000000011100000000000
00000000000000000011100000000000
00000000000000000011100000000000
00000000000000000011100000000000
00000000000000000011100000000000
00000000000000000011100000000000
00000000000000000001100000000000
00000000000000000000000000000000
00000000000000000000000000000000
00000000000000000000000000000000