4
00000000000000000000000000000000
00000000000000000000000000000000
00000000000000000000000000000000
00000000111000000000000111000000
00000000111000000000000111000000
00000000111000000000000111000000
00000000111000000000001111000000
00000000111000000000001111000000
00000000111000000000001111000000
00000000111000000000001111000000
00000000111000000000001110000000
00000000111000000000001110000000
00000000111000000000001110000000
00000000111000000000001110000000
00000000111111111111111110000000
00000000111111111111111110000000
00000000111111111111111110000000
00000000000000000001111110000000
00000000000000000000001110000000
00000000000000000000001110000000
00000000000000000000001110000000
00000000000000000000011110000000
00000000000000000000011110000000
00000000000000000000011110000000
00000000000000000000011100000000
00000000000000000000111100000000
00000000000000000000111100000000
00000000000000000000111100000000
00000000000000000000000000000000
00000000000000000000000000000000
00000000000000000000000000000000
00000000000000000000000000000000