9
00000000000000000000000000000000
00000000000000000000000000000000
00000000000001111111111100000000
00000000000111111111111111000000
00000000011111111111111111000000
00000000111111100000011111000000
00000001111110000000001111000000
00000001111100000000001111000000
00000011111000000000001111000000
00000011110000000000011111000000
00000011110000000000011111000000
00000011100000000000011111000000
00000011110000000000111111000000
00000011111000000001111110000000
00000011111100000011111110000000
00000001111111101111111110000000
00000000111111111111111110000000
00000000011111111111101110000000
00000000000011111110001111000000
00000000000000000000001111000000
00000000000000000000001111000000
00000000000000000000000111000000
00000000000000000000000111000000
00000000000000000000000111000000
00000000000000000000000111000000
00000000000000000000001111000000
00000000000000000000001111000000
00000000000000000000001111000000
00000000000000000000001110000000
00000000000000000000001110000000
00000000000000000000000000000000
00000000000000000000000000000000