4
00000000000000000000000000000000
00000000000000000000000000000000
00000000000000000000000000000000
00000000000000000000000000000000
00000000000000000000000000000000
00000100000000000000000000000000
00000100000000100000000000000000
00000100000000100000000000000000
00000100000000100000000000000000
00000100000000100000000000000000
00000100000000100000000000000000
00000100000000100000000000000000
00000100000000100000000000000000
00000100000000100000001100000000
00000111111111111111111000000000
00000000000000100000000000000000
00000000000001100000000000000000
00000000000001000000000000000000
00000000000001000000000000000000
00000000000001000000000000000000
00000000000001000000000000000000
00000000000001000000000000000000
00000000000001000000000000000000
00000000000001000000000000000000
00000000000001000000000000000000
00000000000001000000000000000000
00000000000001000000000000000000
00000000000001000000000000000000
00000000000000000000000000000000
00000000000000000000000000000000
00000000000000000000000000000000
00000000000000000000000000000000