7
00000000000000000010100000000000
00000000000000000000000000000000
00000000000000000000000000000000
00000000000000000001001000000000
00000000000000000000000100000000
00000001000000001111110000000000
00000011111111111111110000000000
00000011111111000000110000000000
00000000000000000000110100000000
00000000000000000000110000000000
00000000000000001000110000000000
00000000000000001000110000000000
00000000000000000000110000000000
00000000000000000000110000000000
00000000000000000000110001100000
00000000000111111111111111110000
00000000001111111111111000000000
00000000000000000001100000000000
00000000100000000001100000000000
00000000000000000001100000000000
00000000000000000001100000000000
00000000000000000001100000000000
00000000000000000001100000000000
00000000000000000001100000000000
00000000000000000011110100000000
00000000000000000001000000000000
00000000000000000000001000000000
00000000000000000010001000000000
00000000000000000010100000000000
00000000000000000000000000000000
00000000000000000000000000000000
00000000000000000000000000000000