9
00000000000000000000000000000000
00000000000000000000000000000000
00000000000000000000000000000000
00000000000000000000000000000000
00000000000000000000000000000000
00000000000000001111000000000000
00000000000000111111100000000000
00000000000011111111100000000000
00000000001111000111100000000000
00000000111100011111110000000000
00000000111001111111110000000000
00000001110011111111110000000000
00000001111111110011110000000000
00000001111111000001110000000000
00000000111100000001111000000000
00000000000000000001111000000000
00000000000000000001111000000000
00000000000000000000111000000000
00000000000000000000111000000000
00000000000000000000111000000000
00000000000000000000111000000000
00000000000000000000011100000000
00000000000000000000011100000000
00000000000000000000011110000000
00000000000000000000011110000000
00000000000000000000001110000000
00000000000000000000001111000000
00000000000000000000000111000000
00000000000000000000000111000000
00000000000000000000000000000000
00000000000000000000000000000000
00000000000000000000000000000000