8
00000000000000000000000000000000
00000000000000000000000000000000
00000000000000000000000000000000
00000000000000011110000000000000
00000000000011110011001110000000
00000000000111000000011100000000
00000000001110000000111000000000
00000000001100000000110000000000
00000000011000000001100000000000
00000000010000000011000000000000
00000000110000000111000000000000
00000000110000001110000000000000
00000000110000011100000000000000
00000000110000111000000000000000
00000000011000110000000000000000
00000000001111100000000000000000
00000000000111000000000000000000
00000000001111100000000000000000
00000000001100111000000000000000
00000000011000001110000000000000
00000000110000000111000000000000
00000000110000000011000000000000
00000001100000000001100000000000
00000001100000000001100000000000
00000001000000000001000000000000
00000001000000000011000000000000
00000001100000000011000000000000
00000001111001111110000000000000
00000000011111000000000000000000
00000000000000000000000000000000
00000000000000000000000000000000
00000000000000000000000000000000