4
00000000000000000000000000000000
00000000000000000000000000000000
00000000000000000000000000000000
00000000000000000000000000000000
00000000100000000000000000000000
00000000100000000000000000000000
00000000100000000100000000000000
00000000100000000100000000000000
00000000100000000100000000000000
00000000100000000100000000000000
00000000100000000100000000000000
00000000100000000100000000000000
00000000100000000100000000000000
00000000100000000100000000000000
00000000100000000100000000000000
00000001100000000100000000000000
00000001000000000100000000000000
00000001000000000100000000000000
00000001000000000100000001000000
00000001100000000101111111000000
00000000111111111111100000000000
00000000000000000100000000000000
00000000000000000110000000000000
00000000000000000110000000000000
00000000000000000010000000000000
00000000000000000010000000000000
00000000000000000010000000000000
00000000000000000010000000000000
00000000000000000010000000000000
00000000000000000000000000000000
00000000000000000000000000000000
00000000000000000000000000000000