8
00000000000000000000000000000000
00000000000000000000000000000000
00000000000000000000000000000000
00000000000000000000000000000000
00000000001111111111000000000000
00000000011000011101100000000000
00000000110000000000110000000000
00000011100000000000011000000000
00000010000000000000001000000000
00000010000000000000001000000000
00000010000000000000001000000000
00000011000000000000001000000000
00000001110001111110011000000000
00000000011110000011110000000000
00000000001111111111111000000000
00000000111000000000001100000000
00000001100000000000000110000000
00000011000000000000000010000000
00000010000000000000000011000000
00000010000000000000000001000000
00000011000000000000000001000000
00000001000000000000000001000000
00000001100000000000000001000000
00000000110000000000000001000000
00000000011000000000000001000000
00000000001100000000000011000000
00000000000111000000000110000000
00000000000011110000011100000000
00000000000000011111110000000000
00000000000000000000000000000000
00000000000000000000000000000000
00000000000000000000000000000000