6
00000000000000000000000000000000
00000000000000000000000000000000
00000000000000000000000000000000
00000000000000000000000000000000
00000000000001100000000000000000
00000000000111110000000000000000
00000000011100000000000000000000
00000000111000000000000000000000
00000000110000000000000000000000
00000001100000000000000000000000
00000001100000000000000000000000
00000001000000000000000000000000
00000011000000000000000000000000
00000011000000000000000000000000
00000010000000000000000000000000
00000010000000000000000000000000
00000010000000000000000000000000
00000010000000000000000000000000
00000010000111111100000000000000
00000010011110000111100000000000
00000010111000000000111000000000
00000011100000000000001000000000
00000011100000000000001000000000
00000001000000000000001000000000
00000001100000000000011000000000
00000000110000000000110000000000
00000000011100000011100000000000
00000000000110011110000000000000
00000000000011110000000000000000
00000000000000000000000000000000
00000000000000000000000000000000
00000000000000000000000000000000