9
00000000000000000000000000000000
00000000000000000000000000000000
00000000000011110000000000000000
00000000001111111111100000000000
00000000111111111111111000000000
00000000111110000111111100000000
00000000111110000000011100000000
00000001111000000000011100000000
00000011100000000000011100000000
00000011100000000000011100000000
00000011000000000000011110000000
00000111000000000000011110000000
00000111000000000000011110000000
00000111000000000000011110000000
00000011100000000000011110000000
00000011110000000000011110000000
00000001111100000001111100000000
00000000111111111111111100000000
00000000011111111111111100000000
00000000000011111110001100000000
00000000000000000000001110000000
00000000000000000000001110000000
00000000000000000000001110000000
00000000000000000000001110000000
00000000000000000000001110000000
00000000000000000000000111000000
00000000000000000000000111000000
00000000000000000000000111000000
00000000000000000000000111000000
00000000000000000000000010000000
00000000000000000000000000000000
00000000000000000000000000000000