0
00000000000000000000000000000000
00000000000000000000000000000000
00000000000000000000000000000000
00000000000000000000000000000000
00000000000000000000000000000000
00000000111111100000000000000000
00000011100000111000000000000000
00000110000000001100000000000000
00000100000000000110000000000000
00001000000000000011000000000000
00001000000000000001000000000000
00011000000000000001100000000000
00010000000000000000100000000000
00010000000000000000100000000000
00010000000000000000100000000000
00010000000000000000100000000000
00010000000000000000100000000000
00011000000000000000100000000000
00001000000000000001100000000000
00001111000000000011000000000000
00000001111110001110000000000000
00000000000011111000000000000000
00000000000000000000000000000000
00000000000000000000000000000000
00000000000000000000000000000000
00000000000000000000000000000000
00000000000000000000000000000000
00000000000000000000000000000000
00000000000000000000000000000000
00000000000000000000000000000000
00000000000000000000000000000000
00000000000000000000000000000000