8
00000000000000000000000000000000
00000000000000000000000000000000
00000000000000000000000000000000
00000000000000000000111000000000
00000000000011110011110000000000
00000000001110001111000000000000
00000000111000011000000000000000
00000001110001110000000000000000
00000011100011100000000000000000
00000011000011000000000000000000
00000010000110000000000000000000
00000010001100000000000000000000
00000010011000000000000000000000
00000011111000000000000000000000
00000000111100000000000000000000
00000001100111000000000000000000
00000001100011110000000000000000
00000011000000111100000000000000
00000010000000000111000000000000
00000010000000000001100000000000
00000010000000000000100000000000
00000010000000000000100000000000
00000010000000000000100000000000
00000011000000000001100000000000
00000001100000000011000000000000
00000001110000000111000000000000
00000000111000011100000000000000
00000000011111110000000000000000
00000000000000000000000000000000
00000000000000000000000000000000
00000000000000000000000000000000
00000000000000000000000000000000