6
00000000000000000000000000000000
00000000000000000000000000000000
00000000000000000000000000000000
00000000000000000000000000000000
00000000000000001111100000000000
00000000000000111000000000000000
00000000000011100000000000000000
00000000000111000000000000000000
00000000001100000000000000000000
00000000011000000000000000000000
00000000010000000000000000000000
00000000110000000000000000000000
00000000100000000000000000000000
00000000100000000000000000000000
00000001100000000000000000000000
00000001100000000000000000000000
00000001000000000000000000000000
00000001000000000000000000000000
00000001000000000000000000000000
00000001000000011111110000000000
00000001000001110000011100000000
00000001100111000000000110000000
00000000110110000000000010000000
00000000011100000000000010000000
00000000011100000000000110000000
00000000000110000000001110000000
00000000000011100000011000000000
00000000000000111111110000000000
00000000000000000110000000000000
00000000000000000000000000000000
00000000000000000000000000000000
00000000000000000000000000000000