8
00000000000000000000000000000000
00000000000000000000000000000000
00000000000011100000000000000000
00000001001111111000000000000000
00000011111110111100000000000000
00000011111000001110000000000000
00000001100000000110000000000000
00000001110000000110000000000000
00000000111000000111000000000000
00000000011000000011000000000000
00000000011100000011000000000000
00000000001100000011000000000000
00000000001110000111000000000000
00000000000111000110000000000000
00000000000011111110000000000000
00000000000000111100000000000000
00000000000000011110000000000000
00000000000000111111000000000000
00000000000001110011100000000000
00000000000001100001100000000000
00000000000011100001110000000000
00000000000111000000110000000000
00000000000110000000111000000000
00000000001110000000011000000000
00000000001100000000011000000000
00000000011100000000111000000000
00000000011000000000110000000000
00000000011000000001110000000000
00000000011100000111100000000000
00000000001111111111000000000000
00000000000111111100000000000000
00000000000000000000000000000000