5
00000000000000000000000000000000
00000000000000000000000000000000
00000000011111111111111110000000
00000000010000000000000000000000
00000000010000000000000000000000
00000000110000000000000000000000
00000000100000000000000000000000
00000000100000000000000000000000
00000000100000000000000000000000
00000001100000000000000000000000
00000001000000000000000000000000
00000001011111111110000000000000
00000001110000000011100000000000
00000000000000000000110000000000
00000000000000000000011000000000
00000000000000000000001000000000
00000000000000000000001000000000
00000000000000000000001100000000
00000000000000000000000100000000
00000000000000000000001100000000
00000000000000000000001000000000
00000000000000000000001000000000
00000000000000000000011000000000
00000000000000000000110000000000
00000000000000000001100000000000
00001110000000000011000000000000
00000011110000001110000000000000
00000000011111111000000000000000
00000000000000000000000000000000
00000000000000000000000000000000
00000000000000000000000000000000
00000000000000000000000000000000