1
00000000000000000000000000000000
00000000000000000000000000000000
00000000000000000000000000000000
00000000000000111100000000000000
00000000000000111100000000000000
00000000000001111100000000000000
00000000000011111110000000000000
00000000000011111110000000000000
00000000000111111110000000000000
00000000001111101110000000000000
00000000001111101110000000000000
00000000001111001110000000000000
00000000001110001110000000000000
00000000000000001110000000000000
00000000000000001110000000000000
00000000000000001110000000000000
00000000000000001111000000000000
00000000000000001111000000000000
00000000000000001111000000000000
00000000000000000111000000000000
00000000000000000111000000000000
00000000000000000111000000000000
00000000000011111111111110000000
00000000000011111111111110000000
00000000000011111111111110000000
00000000000000000000000000000000
00000000000000000000000000000000
00000000000000000000000000000000
00000000000000000000000000000000
00000000000000000000000000000000
00000000000000000000000000000000
00000000000000000000000000000000