4
00000000000000000000000000000000
00000000000000000000000000000000
00000000000000000000000000000000
00000000001000000000000000000000
00000000001000000000000100000000
00000000011000000000000100000000
00000000010000000000000100000000
00000000010000000000001100000000
00000000010000000000001100000000
00000000110000000000001100000000
00000000100000000000001100000000
00000000100000000000001100000000
00000000100000000000001100000000
00000001100000000000001100000000
00000001000000000000001000000000
00000001000000000000011100000000
00000001111111111111111111000000
00000000000000000000001000000000
00000000000000000000001000000000
00000000000000000000001000000000
00000000000000000000001000000000
00000000000000000000011000000000
00000000000000000000010000000000
00000000000000000000010000000000
00000000000000000000010000000000
00000000000000000000010000000000
00000000000000000000010000000000
00000000000000000000010000000000
00000000000000000000010000000000
00000000000000000000010000000000
00000000000000000000000000000000
00000000000000000000000000000000