5
00000000000000000000000000000000
00000000000000000000000000000000
00000000000000000000000000000000
00000000000000000000000000000000
00000000000000000000000000000000
00000000000000000000000000000000
00000000000000000000000000000000
00000000001000000000000000000000
00000000001111111111100000000000
00000000001000000000000000000000
00000000001000000000000000000000
00000000001000000000000000000000
00000000001000000000000000000000
00000000001000000000000000000000
00000000001000000000000000000000
00000000001000000000000000000000
00000000001000000000000000000000
00000000001111110000000000000000
00000000000000011000000000000000
00000000000000001100000000000000
00000000000000000100000000000000
00000000000000000110000000000000
00000000000000000010000000000000
00000000100000000010000000000000
00000000110000000110000000000000
00000000010000000100000000000000
00000000011111111100000000000000
00000000000000000000000000000000
00000000000000000000000000000000
00000000000000000000000000000000
00000000000000000000000000000000
00000000000000000000000000000000