6
00000000000000000000000000000000
00000000000000000000000000000000
00000000000000000000000000000000
00000000000000000000000000000000
00000000000000000000000000000000
00000000000001111100000000000000
00000000000111000000000000000000
00000000011100000000000000000000
00000000111000000000000000000000
00000001110000000000000000000000
00000001100000000000000000000000
00000011000000000000000000000000
00000010000000000000000000000000
00000110000000000000000000000000
00000100000000000000000000000000
00001100000000000000000000000000
00001000000000000000000000000000
00001000000000000000000000000000
00001000000000000111000000000000
00001000000001111101100000000000
00001000000111100000110000000000
00001000001110000000010000000000
00001100011000000000010000000000
00000110010000000000010000000000
00000011010000000000110000000000
00000001111000000001100000000000
00000000111000000111000000000000
00000000011111111100000000000000
00000000000011110000000000000000
00000000000000000000000000000000
00000000000000000000000000000000
00000000000000000000000000000000