5
00000000000000000000000000000000
00000000000000000000000000000000
00000000000000000000000000000000
00000000000000000000000000000000
00000000111111111111000000000000
00000000100000000000000000000000
00000000100000000000000000000000
00000000100000000000000000000000
00000000100000000000000000000000
00000000100000000000000000000000
00000000100000000000000000000000
00000000100000000000000000000000
00000000100000000000000000000000
00000000100000000000000000000000
00000000100000000000000000000000
00000000111111111100000000000000
00000000000000000110000000000000
00000000000000000010000000000000
00000000000000000010000000000000
00000000000000000010000000000000
00000000000000000010000000000000
00000000000000000110000000000000
00000000000000000110000000000000
00000000010000011100000000000000
00000000011111110000000000000000
00000000000000000000000000000000
00000000000000000000000000000000
00000000000000000000000000000000
00000000000000000000000000000000
00000000000000000000000000000000
00000000000000000000000000000000
00000000000000000000000000000000