9
00000000000000000000000000000000
00000000000000000000000000000000
00000000000000000000000000000000
00000000000000000000000000000000
00000000000000001000000000000000
00000000000000000000000100000000
00000000000000000011000000000000
00000000000011111111110000000000
00010010001111111011110000000000
00000100111100000011100000000000
00000011000000000111000000000000
00000010000000001111010000000000
00000111000001111111000000000000
00000011111111110011000000000000
00100100111110000011000000000000
00010010000000000111001000000000
00000000000000000011010000000000
00000000000000000011000000000000
00000000000000000111100000000000
00000000000000000110100000000000
00000000000000000110000000000000
00000000000000000110000000000000
00000000000000000111000000000000
00000000000000000100000000000000
00000000000000000000000000000000
00000000000000000000000000000000
00000000000000000000000000000000
00000000000000000000000000000000
00000000000000000000000000000000
00000000000000000000000000000000
00000000000000000000000000000000
00000000000000000000000000000000