3
00000000000000000000000000000000
00000000000000000000000000000000
00000000000000000000000000000000
00000000000000000000000000000000
00000000000000000000000000000000
00000000000000011111111111000000
00000000000000111111111111000000
00000000011111111111111111000000
00001111111111111000000111000000
00001111111111110000000111100000
00001111111100000000000111100000
00000000000000000000000111100000
00000000000000000000000011100000
00000000000000000000000011100000
00000000000000000000000011100000
00000000000000000000000011100000
00000000000000011111111111100000
00000000000000011111111111111000
00000000000000011111111111111000
00000000000000000000000111111000
00000000000000000000000000111100
00000000000000000000000000111100
00000000000000000000000000111100
00000000000000000000000000011100
00000011110000000000000000011100
00000011110000000000000011111100
00000011110000000000000111111100
00000001111111111111111111111100
00000001111111111111111111100000
00000001111111111111111111000000
00000000000000000000000000000000
00000000000000000000000000000000