8
00000000000000000000000000000000
00000000000000000000000000000000
00000000000000000100000000000000
00000000000000000000000000000000
00000000000000000001000100000000
00000000000000001100100000000000
00000000000011111110010000000000
00000000111111111111000000000000
00000011111000000110100000000000
00101111100011001100000000000000
10000110001000111100001000000000
00011111001011110001001000000000
10000111111011101000000000000000
00000001111111100000000000000000
10000000000111111000000100000000
00001000001110011100010000000000
00000000001100001111010000000000
00000000001100000111001000000000
00000000011001000011000000000000
00000000011000001011000000000000
00000000011000000110001000000000
00000000111001000110000000000000
00000000011110111100010000000000
00000000101111110010000000000000
00000000000000000000000000000000
00000000000000000000000000000000
00000000000000000000000000000000
00000000000000000000000000000000
00000000000000000000000000000000
00000000000000000000000000000000
00000000000000000000000000000000
00000000000000000000000000000000