9
00000000000000000000000000000000
00000000000000000000000000000000
00000000000000000000000000000000
00000011111111100000000000000000
00000110000000111000000000000000
00001100000000001100000000000000
00001000000000001100000000000000
00001000000000001100000000000000
00010000000000011000000000000000
00011000000000011000000000000000
00001100000001111000000000000000
00000111111111001000000000000000
00000000000000001000000000000000
00000000000000001000000000000000
00000000000000001000000000000000
00000000000000001000000000000000
00000000000000001000000000000000
00000000000000001000000000000000
00000000000000001000000000000000
00000000000000001000000000000000
00000000000000001000000000000000
00000000000000001000000000000000
00000000000000001000000000000000
00000000000000001000000000000000
00000000000000001000000000000000
00000000000000001000000000000000
00000000000000001000000000000000
00000000000000001000000000000000
00000000000000000000000000000000
00000000000000000000000000000000
00000000000000000000000000000000
00000000000000000000000000000000