1
00000000000000000000000000000000
00000000000000000000000000000000
00000000000000000000000000000000
00000000000000111110000000000000
00000000000000111110000000000000
00000000000001111110000000000000
00000000000011111111000000000000
00000000000011111111000000000000
00000000000111111111000000000000
00000000001111100111000000000000
00000000001111000111000000000000
00000000011111000111000000000000
00000001111110000111000000000000
00000011111110000111000000000000
00000011111000000111000000000000
00000011110000000111000000000000
00000000000000000111000000000000
00000000000000000111000000000000
00000000000000000111000000000000
00000000000000000111000000000000
00000000000000000111000000000000
00000000000000000111000000000000
00000000000000000111000000000000
00000000000000000111000000000000
00000000000000000111000000000000
00000000000000000111000000000000
00000000000000000000000000000000
00000000000000000000000000000000
00000000000000000000000000000000
00000000000000000000000000000000
00000000000000000000000000000000
00000000000000000000000000000000