2
00000000000000000000000000000000
00000000000000000000000000000000
00000000000000000000000000000000
00000011111111100000000000000000
00000011111111100000000000000000
00000011111111100000000000000000
00000000000011100000000000000000
00000000000011100000000000000000
00000000000011100000000000000000
00000000000011100000000000000000
00000000000011100000000000000000
00000000000011100000000000000000
00000000000111100000000000000000
00000000001111100000000000000000
00000000011111100000000000000000
00000000011111000000000000000000
00000000111110000000000000000000
00000001111100000000000000000000
00000011111000000000000000000000
00000111110000000000000000000000
00001111110000000000000000000000
00011111111111111111110000000000
00011111111111111111110000000000
00011111111111111111110000000000
00000000000000000000000000000000
00000000000000000000000000000000
00000000000000000000000000000000
00000000000000000000000000000000
00000000000000000000000000000000
00000000000000000000000000000000
00000000000000000000000000000000
00000000000000000000000000000000