9
00000000000000000000000000000000
00000000000000000000000000000000
00000000000000000000000000000000
00000000000000000100000000000000
00000000001111111100000000000000
00000000111000001100000000000000
00000001100000001000000000000000
00000011000000011000000000000000
00000011000000111000000000000000
00000110000000111000000000000000
00000110000001101000000000000000
00000100000001101000000000000000
00000100000011001000000000000000
00000100000110011000000000000000
00000110001110011000000000000000
00000110011100010000000000000000
00000011110000010000000000000000
00000000000000010000000000000000
00000000000000110000000000000000
00000000000000110000000000000000
00000000000000100000000000000000
00000000000000100000000000000000
00000000000000100000000000000000
00000000000000100000000000000000
00000000000000100000000000000000
00000000000001100000000000000000
00000000000001100000000000000000
00000000000001000000000000000000
00000000000001000000000000000000
00000000000011000000000000000000
00000000000011000000000000000000
00000000000010000000000000000000