9
00000000000000000000000000000000
00000000000011111100000000000000
00000000001111111110000000000000
00000000111111111110000000000000
00000000111100001110000000000000
00000001110000001110000000000000
00000001110000001110000000000000
00000001110000011110000000000000
00000001110000011110000000000000
00000001110000111110000000000000
00000001110001111110000000000000
00000001110111111110000000000000
00000001111111101110000000000000
00000000111111001110000000000000
00000000001100001110000000000000
00000000000000001110000000000000
00000000000000001110000000000000
00000000000000001110000000000000
00000000000000001110000000000000
00000000000000001110000000000000
00000000000000001110000000000000
00000000000000000111000000000000
00000000000000000111000000000000
00000000000000000111000000000000
00000000000000000011000000000000
00000000000000000011100000000000
00000000000000000011100000000000
00000000000000000011100000000000
00000000000000000011100000000000
00000000000000000000000000000000
00000000000000000000000000000000
00000000000000000000000000000000