0
00000000000000000000000000000000
00000000000000000000000000000000
00000000000000000000000000000000
00000000000000000000000000000000
00000000000000000000000000000000
00000000000000000000000000000000
00000000000000000000000000000000
00000000000000000100000000000000
00000000000000011110000000000000
00000000000000110011000000000000
00000000000011000001100000000000
00000000000110000000100000000000
00000000000100000000110000000000
00000000001000000000011000000000
00000000001000000000001000000000
00000000001000000000001000000000
00000000001000000000001000000000
00000000001000000000001000000000
00000000001100000000111000000000
00000000000100000000100000000000
00000000000111000011000000000000
00000000000001111110000000000000
00000000000000000000000000000000
00000000000000000000000000000000
00000000000000000000000000000000
00000000000000000000000000000000
00000000000000000000000000000000
00000000000000000000000000000000
00000000000000000000000000000000
00000000000000000000000000000000
00000000000000000000000000000000
00000000000000000000000000000000