4
00000000000000000000000000000000
00000000000000000000000000000000
00000000000000000000000000000000
00000000000000000000111000000000
00000000011100000000111000000000
00000000011100000000111000000000
00000000111100000000111000000000
00000000111100000000111000000000
00000001111100000000111000000000
00000001111000000000111000000000
00000001111000000000111000000000
00000011110000000000111000000000
00000011110000000000111000000000
00000011110000000000111000000000
00000011110000000000111000000000
00000011111111111111111000000000
00000011111111111111111000000000
00000001111111111111111000000000
00000000000000000001111000000000
00000000000000000001111000000000
00000000000000000001111000000000
00000000000000000001111000000000
00000000000000000001110000000000
00000000000000000001110000000000
00000000000000000001110000000000
00000000000000000001110000000000
00000000000000000001110000000000
00000000000000000001110000000000
00000000000000000001110000000000
00000000000000000000000000000000
00000000000000000000000000000000
00000000000000000000000000000000