4
00000000000000000000000000000000
00000000000000000000000000000000
00000000001110000000000000000000
00000000001110000001110000000000
00000000011110000001110000000000
00000000011110000001110000000000
00000000011110000001110000000000
00000000011100000001110000000000
00000000111100000001110000000000
00000000111100000001110000000000
00000000111100000001110000000000
00000001111000000001110000000000
00000001111000000001111000000000
00000001110000000001111000000000
00000001110000000000111000000000
00000011110000000000111000000000
00000011110000000000111000000000
00000011111111111111111000000000
00000011111111111111111111100000
00000011111111111111111111111000
00000011110000000000111111111000
00000000000000000000111011111000
00000000000000000000111000000000
00000000000000000000111000000000
00000000000000000000111000000000
00000000000000000000111000000000
00000000000000000000111000000000
00000000000000000000111000000000
00000000000000000000111000000000
00000000000000000000111000000000
00000000000000000000000000000000
00000000000000000000000000000000