3
00000000000000000000000000000000
00000000000000000000000000000000
00000000000000000000000000000000
00000000000000000000000000000000
00000000000000000000000000000000
00000000000000000000000000000000
00000000011111000000000000000000
00000001110001110000000000000000
00000001000000011100000000000000
00000000000000000110000000000000
00000000000000000011000000000000
00000000000000000001000000000000
00000000000000000001000000000000
00000000000000000001000000000000
00000000000000000001000000000000
00000000000000000011000000000000
00000000000000011110000000000000
00000000000001110000000000000000
00000000000000111110000000000000
00000000000000000110000000000000
00000000000000000011000000000000
00000000000000000001000000000000
00000000000000000001000000000000
00000000000000000011000000000000
00000000000000000010000000000000
00000000000000000110000000000000
00000000000000011100000000000000
00000000001111110000000000000000
00000000011000000000000000000000
00000000000000000000000000000000
00000000000000000000000000000000
00000000000000000000000000000000