9
00000000000000000000000000000000
00000000000011111110000000000000
00000000000110000011100000000000
00000000011100000000110000000000
00000000010000000000011000000000
00000000110000000000001000000000
00000000100000000000001000000000
00000001100000000000001100000000
00000001000000000000000100000000
00000001000000000000000100000000
00000001000000000000001100000000
00000011000000000000001100000000
00000010000000000000011100000000
00000011000000000000010100000000
00000001000000000000110100000000
00000001110000000011100100000000
00000000011100011110000100000000
00000000000111100000000100000000
00000000000000000000000100000000
00000000000000000000000100000000
00000000000000000000000100000000
00000000000000000000000100000000
00000000000000000000000100000000
00000000000000000000000100000000
00000000000000000000000100000000
00000000000000000000000100000000
00000000000000000000000100000000
00000000000000000000000100000000
00000000000000000000000100000000
00000000000000000000000100000000
00000000000000000000000100000000
00000000000000000000000000000000