1
00000000000000000000000000000000
00000000000000000000000000000000
00000000000000000000000000000000
00000000000001100000000000000000
00000000000011100000000000000000
00000000000110100000000000000000
00000000000100100000000000000000
00000000011000100000000000000000
00000000010000100000000000000000
00000000110000100000000000000000
00000000100000100000000000000000
00000000100000100000000000000000
00000000000000100000000000000000
00000000000000100000000000000000
00000000000000100000000000000000
00000000000000100000000000000000
00000000000000100000000000000000
00000000000000100000000000000000
00000000000000100000000000000000
00000000000000100000000000000000
00000000000000100000000000000000
00000000000000100000000000000000
00000000000000100000000000000000
00000000000000100000000000000000
00000000000000100000000000000000
00000000000000100000000000000000
00001110000000100000000000000000
00000011111111111111111111000000
00000000000000000000000000000000
00000000000000000000000000000000
00000000000000000000000000000000
00000000000000000000000000000000