9
00000000000000000000000000000000
00000000000000000000000000000000
00000011111111111111111100000000
00001110000000000000001100000000
00010000000000000000001000000000
00110000000000000000001000000000
00110000000000000000001000000000
00110000000000000000001000000000
00010000000000000000001000000000
00011000000000000000001000000000
00001100000000000000001000000000
00000111111100000000001100000000
00000000001111111111111100000000
00000000000000000000000100000000
00000000000000000000000100000000
00000000000000000000000100000000
00000000000000000000000100000000
00000000000000000000000100000000
00000000000000000000000100000000
00000000000000000000000100000000
00000000000000000000000100000000
00000000000000000000000100000000
00000000000000000000000100000000
00000000000000000000000100000000
00000000000000000000001100000000
00000000000000000000001100000000
00000000000000000000001100000000
00000000000000000000001000000000
00000000000000000000001000000000
00000000000000000000001000000000
00000000000000000000000000000000
00000000000000000000000000000000