4
00000000000000000000000000000000
00000000000000000000000000000000
00000000000000000000000000000000
00000000000000000000000000000000
00000001000000000000001000000000
00000011000000000000011000000000
00000010000000000000011000000000
00000010000000000000011000000000
00000010000000000000011000000000
00000010000000000000010000000000
00000010000000000000010000000000
00000010000000000000010000000000
00000010000000000000010000000000
00000010000000000000010000000000
00000010000000000000010000000000
00000010011111111111110000000000
00000011110000000000010000000000
00000000000000000000010000000000
00000000000000000000110000000000
00000000000000000000110000000000
00000000000000000000100000000000
00000000000000000000100000000000
00000000000000000000100000000000
00000000000000000000100000000000
00000000000000000000100000000000
00000000000000000000100000000000
00000000000000000000100000000000
00000000000000000000110000000000
00000000000000000000000000000000
00000000000000000000000000000000
00000000000000000000000000000000
00000000000000000000000000000000