9
00000000000000000000000000000000
00000000111111111111100000000000
00000001100000000000111000000000
00000010000000000000001100000000
00000010000000000000000110000000
00000010000000000000000010000000
00000010000000000000000010000000
00000010000000000000000010000000
00000010000000000000000010000000
00000011000000000000000010000000
00000001000000000000000010000000
00000001100000000000000010000000
00000000111000000000000010000000
00000000001111111111111110000000
00000000000000000000000100000000
00000000000000000000001100000000
00000000000000000000001000000000
00000000000000000000011000000000
00000000000000000000110000000000
00000000000000000000100000000000
00000000000000000001100000000000
00000000000000000011000000000000
00000000000000000010000000000000
00000000000000000110000000000000
00000000000000001100000000000000
00000000000000011000000000000000
00000000000000110000000000000000
00000000000001100000000000000000
00000000000011000000000000000000
00000000000110000000000000000000
00000000000100000000000000000000
00000000000000000000000000000000