8
00000000000000000000000000000000
00000000000000000000000000000000
00000000000000011100000000000000
00000000000011110111000000000000
00000000001110000001100000000000
00000000011000000000100000000000
00000000010000000000100000000000
00000000110000000000100000000000
00000000100000000000100000000000
00000000100000000000100000000000
00000000110000000001100000000000
00000000011000000001000000000000
00000000011100000011000000000000
00000000000111100110000000000000
00000000000011100100000000000000
00000000000001111100000000000000
00000000000000011101000000000000
00000000000000110111000000000000
00000000000001100001100000000000
00000000000011000000110000000000
00000000000110000000010001000000
00000000000100000000011000000000
00000000001100000000011000000000
00000000011000000000001000000000
00000000010000000000001000000000
00000000010000000000011000000000
00000000010000000000010000000000
00000000011000000000110000000000
00000000001110000011100000000000
00000000000011111110000000000000
00000000000000000000000000000000
00000000000000000000000000000000