8
00000000000000000000000000000000
00000000000000000000000000000000
00000000000000000000000000000000
00000000000000000000000000000000
00000000000000000000000000000000
00000000001111000000000000000000
00000001111001111000000000000000
00000011000000001100000000000000
00000010000000000100000000000000
00000011000000000100000000000000
00000000110000001100000000000000
00000000011000011000000000000000
00000000001101110000000000000000
00000000000111000000000000000000
00000000011100000000000000000000
00000000111100000000000000000000
00000001100111000000000000000000
00000011000001110000000000000000
00000110000000011000000000000000
00001100000000001100000000000000
00001000000000000100000000000000
00011000000000000100000000000000
00011000000000000100000000000000
00001110000000000100000000000000
00000011110000011100000000000000
00000000011111110000000000000000
00000000000000000000000000000000
00000000000000000000000000000000
00000000000000000000000000000000
00000000000000000000000000000000
00000000000000000000000000000000
00000000000000000000000000000000