3
00000000000000000000000000000000
00000000000000000000000000000000
00000000000000000000000000000000
00000000111111111000000000000000
00000011100000001110000000000000
00000110000000000011000000000000
00000100000000000001000000000000
00000000000000000001000000000000
00000000000000000001000000000000
00000000000000000001000000000000
00000000000000000011000000000000
00000000000000000110000000000000
00000000000000011100000000000000
00000000000001110000000000000000
00000000000111100000000000000000
00000000000000110000000000000000
00000000000000011000000000000000
00000000000000001000000000000000
00000000000000001100000000000000
00000000000000000100000000000000
00000000000000000110000000000000
00000000000000000010000000000000
00000000000000000010000000000000
00000000000000000010000000000000
00000000000000000110000000000000
00000001000000011100000000000000
00000001100001110000000000000000
00000000111111000000000000000000
00000000000000000000000000000000
00000000000000000000000000000000
00000000000000000000000000000000
00000000000000000000000000000000