8
00000000000000000000000000000000
00000000000000000000000000000000
00000000000000000000000000000000
00000000000000000000000000000000
00000000000000000000000000000000
00000000000111111110000000000000
00000000001100000011100000000000
00000000001000000000100000000000
00000000001000000000110000000000
00000000001000000000010000000000
00000000001000000000010000000000
00000000001000000000010000000000
00000000001000000000100000000000
00000000001000000001100000000000
00000000001111111111000000000000
00000000000111111101111000000000
00000000001100000000001000000000
00000000001000000000001000000000
00000000010000000000001000000000
00000000100000000000001000000000
00000000100000000000011000000000
00000000100000000000010000000000
00000000100000000000110000000000
00000000100000000000100000000000
00000000011000000001100000000000
00000000001100000001000000000000
00000000000111000011000000000000
00000000000001111100000000000000
00000000000000000000000000000000
00000000000000000000000000000000
00000000000000000000000000000000
00000000000000000000000000000000