3
00000000000000000000000000000000
00000000000000000000000000000000
00000000000000000000000000000000
00000000000000111111111100000000
00000000011111111111111111000000
00000011111111111111111111100000
00000111111110000000000011100000
00000111100000000000000011100000
00000010000000000000000011100000
00000000000000000000000011100000
00000000000000000000000111000000
00000000000000000000000111000000
00000000000000000000001111000000
00000000000000001111111110000000
00000000000111111111111111100000
00000000011111111111111111110000
00000000011111111111000001110000
00000000001100000000000000110000
00000000000000000000000001110000
00000000000000000000000001110000
00000000000000000000000011100000
00000000000000000000000011100000
00000000000000000000000111000000
00000000000000000000011111000000
00000000000000000111111110000000
00000000001111111111111100000000
00000000001111111111100000000000
00000000000111110000000000000000
00000000000000000000000000000000
00000000000000000000000000000000
00000000000000000000000000000000
00000000000000000000000000000000