4
00000000000000000000000000000000
00000000000000000000000000000000
00000000000000000000000000000000
00000011000000000000000000000000
00000011000000000000000000000000
00000011000000001100000000000000
00000011000000001100000000000000
00000011000000001100000000000000
00000011000000001100000000000000
00000011000000001100000000000000
00000011000000001100000000000000
00000011000000001100000000000000
00000011100000001110000000000000
00000001100000000110000000000000
00000001100000000110000000000000
00000001100000000110000000000000
00000001100000000110000000000000
00000001110000000110000000000000
00000001111111111111111110000000
00000000001111111111111111000000
00000000000000000110000000000000
00000000000000000110000000000000
00000000000000000110000000000000
00000000000000000110000000000000
00000000000000000110000000000000
00000000000000000110000000000000
00000000000000000110000000000000
00000000000000000110000000000000
00000000000000000110000000000000
00000000000000000110000000000000
00000000000000000110000000000000
00000000000000000000000000000000