8
00000000000000000100000000000000
00000000000000000001010100000000
00000000000000111000000000000000
00000000000000000000000000000000
00000000000000111111100000000000
00000000000111111111110100000000
00000000011111100011000100000000
00000001111000000111001000000000
01000011000100010110100100000000
00010110011011001100001000000000
10010111000000111001000000000000
01100011110001110100000000000000
01001001111111100000001000000000
00100000011111111100000000000000
00000110000011011110000000000000
00000000001111100111001000000000
00000000000110000001100000000000
00000000000110000000110000000000
00000000001100000000111000000000
00000000001100000000111000000000
00000000001100000010110000000000
00000000001100000001100000000000
00000000001100000001100000000000
00000000010100000111100000000000
00000000101111011110000000000000
00000000001111111100000000000000
00000000000001100000000000000000
00000000000000000000000000000000
00000000000000110000000000000000
00000000000000000000000000000000
00000000000110000000000000000000
00000000000000000000000000000000