6
00000000000000000000000000000000
00000000000000000000000000000000
00000000000000000000000000000000
00000000000000000000000000000000
00000000000010000000000000000000
00000000000111000000000000000000
00000000001110000000000000000000
00000000001100000000000000000000
00000000011100000000000000000000
00000000111000000000000000000000
00000000110000000000000000000000
00000000110000000000000000000000
00000001110000000000000000000000
00000001100000000000000000000000
00000011100011111100000000000000
00000011000111111110000000000000
00000011001110000111000000000000
00000011011100000011100000000000
00000011111000000001100000000000
00000011110000000001100000000000
00000011110000000001100000000000
00000011110000000001100000000000
00000011100000000001100000000000
00000011100000000001100000000000
00000001100000000001100000000000
00000001110000000011100000000000
00000000111100000011000000000000
00000000011111111111000000000000
00000000000111111110000000000000
00000000000000000000000000000000
00000000000000000000000000000000
00000000000000000000000000000000