6
00000000000000000000000000000000
00000000000000000000000000000000
00000000000000000000000000000000
00000000000000011111110000000000
00000000000001110000000000000000
00000000000111000000000000000000
00000000001100000000000000000000
00000000011000000000000000000000
00000000010000000000000000000000
00000000100000000000000000000000
00000001100000000000000000000000
00000001000000000000000000000000
00000011000000000000000000000000
00000011000000000000000000000000
00000010000000000000000000000000
00000010000000000000000000000000
00000010000000011111111000000000
00000010011111111111111111100000
00000011110000000000000000100000
00000010000000000000000000100000
00000011000000000000000001100000
00000001100000000000000011000000
00000000110000000000001110000000
00000000011111111111111000000000
00000000000000000000000000000000
00000000000000000000000000000000
00000000000000000000000000000000
00000000000000000000000000000000
00000000000000000000000000000000
00000000000000000000000000000000
00000000000000000000000000000000
00000000000000000000000000000000