4
00000000000000000000000000000000
00000000010000000000000000000000
00000000110000000000000000000000
00000000100000000000000010000000
00000000100000000000000010000000
00000001100000000000000110000000
00000001000000000000000110000000
00000001000000000000000110000000
00000001000000000000000110000000
00000001000000000000000110000000
00000011000000000000000110000000
00000010000000000000000110000000
00000010000000000000000110000000
00000010000000000000000100000000
00000110000000000000000100000000
00000100000000000000000100000000
00000100000000000000000100000000
00000100000000000000001100000000
00000111100000000000011111110000
00000000111111111111110100000000
00000000000000000000000100000000
00000000000000000000000100000000
00000000000000000000000100000000
00000000000000000000000100000000
00000000000000000000000100000000
00000000000000000000001100000000
00000000000000000000001000000000
00000000000000000000001000000000
00000000000000000000001000000000
00000000000000000000000000000000
00000000000000000000000000000000
00000000000000000000000000000000