1
00000000000000000000000000000000
00000000000000000000000000000000
00000000000000000000000000000000
00000000000000011100000000000000
00000000000000011100000000000000
00000000000000111100000000000000
00000000000000111110000000000000
00000000000000111110000000000000
00000000000001111110000000000000
00000000000011111110000000000000
00000000000111111110000000000000
00000000001111111110000000000000
00000000011111101111000000000000
00000000011111001111000000000000
00000000011100000111000000000000
00000000001000000111000000000000
00000000000000000111000000000000
00000000000000000111000000000000
00000000000000000111000000000000
00000000000000000111000000000000
00000000000000001111000000000000
00000000000000001111000000000000
00000000000000001111000000000000
00000000000000001110000000000000
00000000000000001110000000000000
00000000000000001110000000000000
00000000000000001111000000000000
00111111111111111111111111111000
00111111111111111111111111111000
00111111111111111111111111111000
00000000000000000000000000000000
00000000000000000000000000000000