5
00000000000000000000000000000000
00000000000000000000000000000000
00000000000000000000000000000000
00000000000000000000000000000000
00000000000011111111111000000000
00000000000010000000000000000000
00000000000010000000000000000000
00000000000010000000000000000000
00000000000010000000000000000000
00000000000010000000000000000000
00000000000010000000000000000000
00000000000010000000000000000000
00000000000010000000000000000000
00000000000011111111100000000000
00000000000011000000111000000000
00000000000010000000001111000000
00000000000000000000000001100000
00000000000000000000000000100000
00000000000000000000000000100000
00000000000010000000000000100000
00000000000011000000000001100000
00000000000001100000000011000000
00000000000000111111111100000000
00000000000000000000000000000000
00000000000000000000000000000000
00000000000000000000000000000000
00000000000000000000000000000000
00000000000000000000000000000000
00000000000000000000000000000000
00000000000000000000000000000000
00000000000000000000000000000000
00000000000000000000000000000000