9
00000000000000000000000000000000
00000000001111100000000000000000
00000000111111111100000000000000
00000001111111111111000000000000
00000001111111111111110000000000
00000001111100011111110000000000
00000001111100000111110000000000
00000001111100000001110000000000
00000000111000000001110000000000
00000000111000000011110000000000
00000000111100000011110000000000
00000000111111111111110000000000
00000000011111111111110000000000
00000000001111111111110000000000
00000000000000000001110000000000
00000000000000000011110000000000
00000000000000000011110000000000
00000000000000000011110000000000
00000000000000000011100000000000
00000000000000000011100000000000
00000000000000000011100000000000
00000000000000000011100000000000
00000000000000000011100000000000
00000000000000000011100000000000
00000000000000000011100000000000
00000000000000000011100000000000
00000000000000000011100000000000
00000000000000000000000000000000
00000000000000000000000000000000
00000000000000000000000000000000
00000000000000000000000000000000
00000000000000000000000000000000