0
00000000000000000000000000000000
00000000000000000000000000000000
00000000000000000000000000000000
00000000000000000111100000000000
00000000000000111100111000000000
00000000000111110000001100000000
00000000001101000000000110000000
00000000011001000000000011000000
00000000110000000000000001100000
00000001100000000000000000100000
00000001100000000000000000100000
00000011000000000000000000100000
00000110000000000000000000100000
00000100000000000000000000100000
00001100000000000000000000100000
00001100000000000000000000100000
00001000000000000000000000100000
00001000000000000000000001100000
00001000000000000000000001100000
00001000000000000000000001000000
00001000000000000000000011000000
00001000000000000000000010000000
00001000000000000000000110000000
00001000000000000000000100000000
00001100000000000000011100000000
00001110000000000000111000000000
00000011100000000111100000000000
00000001111111111100000000000000
00000000001100000000000000000000
00000000000000000000000000000000
00000000000000000000000000000000
00000000000000000000000000000000