4
00000000000000000000000000000000
00000000000000000000000000000000
00000000000000000000000000000000
00000000000000000000000000000000
00000000000000000000000000000000
00000000000000000000000000000000
00000000010000000000000000000000
00000000010000000100000000000000
00000000010000000110000000000000
00000000010000000010000000000000
00000000010000000010000000000000
00000000010000000010000000000000
00000000010000000010000000000000
00000000010000000010000000000000
00000000010000000010000000000000
00000000010000000010000000000000
00000000010000000010000000000000
00000000011111111111111110000000
00000000000000000010000000000000
00000000000000000010000000000000
00000000000000000010000000000000
00000000000000000010000000000000
00000000000000000010000000000000
00000000000000000010000000000000
00000000000000000010000000000000
00000000000000000010000000000000
00000000000000000010000000000000
00000000000000000000000000000000
00000000000000000000000000000000
00000000000000000000000000000000
00000000000000000000000000000000
00000000000000000000000000000000