9
00000000011111111000000000000000
00000001111111111100000000000000
00000111111100111110000000000000
00001111100000001111000000000000
00001110000000000111000000000000
00011100000000000011100000000000
00111000000000000011100000000000
01110000000000000111100000000000
01110000000000001111000000000000
01110000000000011111000000000000
01111000000001111111000000000000
00111111111111111011000000000000
00011111111111110011000000000000
00000000000000000011000000000000
00000000000000000011000000000000
00000000000000000011000000000000
00000000000000000011000000000000
00000000000000000011000000000000
00000000000000000011000000000000
00000000000000000011000000000000
00000000000000000011000000000000
00000000000000000011000000000000
00000000000000000011000000000000
00000000000000000011000000000000
00000000000000000011000000000000
00000000000000000011000000000000
00000000000000000011000000000000
00000000000000000011000000000000
00000000000000000011000000000000
00000000000000000011000000000000
00000000000000000000000000000000
00000000000000000000000000000000