9
00000000000000000000000000000000
00000000000000000000000000000000
00000000000000000000000000000000
00000000001111111111000000000000
00000001111000000001000000000000
00000111000000000000011000000000
00001100000000000000011000000000
00011000000000000000011000000000
00010000000000000000111000000000
00110000000000000000101000000000
00100000000000000001111000000000
00110000000000000001011000000000
00011000000000000111010000000000
00001111000000011100010000000000
00000001111111110000110000000000
00000000000000000000100000000000
00000000000000000000100000000000
00000000000000000001100000000000
00000000000000000001000000000000
00000000000000000001000000000000
00000000000000000011000000000000
00000000000000000010000000000000
00000000000000000010000000000000
00000000000000000110000000000000
00000000000000001100000000000000
00000000000000001000000000000000
00000000000000011000000000000000
00000000000001110000000000000000
00000000000011000000000000000000
00000000001110000000000000000000
00000000000000000000000000000000
00000000000000000000000000000000