9
00000000000000000000000000000000
00000000000000000000000000000000
00000000000000000000000000000000
00000111111111100000000000000000
00000111111111111111100000000000
00000111111111111111111000000000
00000111000001111111111000000000
00000111100000000011111000000000
00000111100000000000111000000000
00000111100000000000111000000000
00000011100000000000111000000000
00000011100000000000111000000000
00000011100000000000111000000000
00000011100000001111111000000000
00000011111111111111111000000000
00000011111111111111111000000000
00000011111111111100111000000000
00000000000000000000111000000000
00000000000000000000111000000000
00000000000000000000111000000000
00000000000000000000111000000000
00000000000000000001111000000000
00000000000000000001111000000000
00000000000000000001111000000000
00000000000000000001110000000000
00000000000000000001110000000000
00000000000000000001110000000000
00011111100001111111110000000000
00011111111111111111110000000000
00011111111111111111110000000000
00000011111111110000000000000000
00000000000000000000000000000000