9
00000000000000000000000000000000
00000000000000000000000000000000
00000000000000000000000000000000
00000000000000000000000000000000
00000000000000000000000000000000
00000000000000011111100000000000
00000000000001110000110000000000
00000000000011000000010000000000
00000000000110000000010000000000
00000000000100000000010000000000
00000000000100000000010000000000
00000000000100000000010000000000
00000000000110000000110000000000
00000000000010000001100000000000
00000000000011111111100000000000
00000000000000000001000000000000
00000000000000000010000000000000
00000000000000000110000000000000
00000000000000000100000000000000
00000000000000001000000000000000
00000000000000011000000000000000
00000000000000110000000000000000
00000000000001100000000000000000
00000000000011000000000000000000
00000000000010000000000000000000
00000000001100000000000000000000
00000000001000000000000000000000
00000000011000000000000000000000
00000000000000000000000000000000
00000000000000000000000000000000
00000000000000000000000000000000
00000000000000000000000000000000