0
00000000000000000000000000000000
00000000000000000000111000000000
00000000000000000010001000000000
00000000000000000000000000000000
00000000000000000100100100000000
00000000000001111111100100000000
00000000000111111111111000000000
00000000011111000000011100000000
00000000111000000000101110000010
00000001110000000000001110000000
00000101110000000000000111000000
00000011000000000000000011010000
00000011000000000000000011001000
00000010000000000000000011000000
00000110000000000000000011000000
00000110000000000000000011100000
00001111000000000000000011000000
00000110000001100010000011000000
00000011000000000000000011010010
00000011000001001000000110000000
00000011110000010001001110001000
00000101110001000000011100101000
00000100111100111100111000000000
00000010001111111111100010010010
00000000000111111110000000000000
00000000000000000000000000000000
00000000000000000000000000000000
00000000000000000000000000000000
00000000000000000000000000000000
00000000000000000000000000000000
00000000000000000000000000000000
00000000000000000000000000000000