7
00000000000000000000000000000000
00000000000000000000000000000000
00000000000000000000000000000000
00000111111111111111100000000000
00000111111111111111111110000000
00000111111111111111111111100000
00000000000000000011111111100000
00000000000000000000001111110000
00000000000000000000000011110000
00000000000000000000000011110000
00000000000000000000000001110000
00000000000000000000000001110000
00000000000000000000000001110000
00000000000000000000000011110000
00000000000000000000000011110000
00000000000000000000000111110000
00000000000000000000000111100000
00000000000000000000000111100000
00000000000000000000001111000000
00000000000000000000001111000000
00000000000000000000001111000000
00000000000000000000011110000000
00000000000000000000011110000000
00000000000000000000011110000000
00000000000000000000111100000000
00000000000000000000111100000000
00000000000000000000111100000000
00000000000000000000111000000000
00000000000000000000000000000000
00000000000000000000000000000000
00000000000000000000000000000000
00000000000000000000000000000000