2
00000000000000000000000000000000
00000000000000000000000000000000
00000000000000000000000000000000
00000000000000000000000000000000
00000000000000000000000000000000
00000000000000000000000000000000
00000000000000000000000000000000
00000000000000000000000000000000
00000000000000001111100000000000
00000000000000111000110000000000
00000000000011100000010000000000
00000000000011000000010000000000
00000000000010000000010000000000
00000000000000000000011000000000
00000000000000000000011000000000
00000000000000000000011000000000
00000000000000000000010000000000
00000000000000000000110000000000
00000000000000000001100000000000
00000000000000000011100000000000
00000000000000000111000000000000
00000000000000011100000000000000
00000000000000111000000000000000
00000000000001110111111000000000
00000000001111111110000000000000
00000000000000000000000000000000
00000000000000000000000000000000
00000000000000000000000000000000
00000000000000000000000000000000
00000000000000000000000000000000
00000000000000000000000000000000
00000000000000000000000000000000