9
00000000000000000000000000000000
00000000000000000000000000000000
00000000000000000000000000000000
00000000000000000000000000000000
00000000000000111000000000000000
00000000000011101100000000000000
00000000000010000010000000000000
00000000000100000011000000000000
00000000000100000001100000000000
00000000000100000000100000000000
00000000000100000000110000000000
00000000000100000000010000000000
00000000000110000000010000000000
00000000000011111111110000000000
00000000000000000000010000000000
00000000000000000000010000000000
00000000000000000000100000000000
00000000000000000000100000000000
00000000000000000001100000000000
00000000000000000001000000000000
00000000000000000011000000000000
00000000000000000110000000000000
00000000010000001100000000000000
00000000011000110000000000000000
00000000001111000000000000000000
00000000000000000000000000000000
00000000000000000000000000000000
00000000000000000000000000000000
00000000000000000000000000000000
00000000000000000000000000000000
00000000000000000000000000000000
00000000000000000000000000000000