9
00000000000000000000000000000000
00000000000000000000000000000000
00000000000000000011000000000000
00000000000000000111100000000000
00000000001111111111100000000000
00000000011111111111100000000000
00000000111111111111100000000000
00000001111111111111100000000000
00000001111000001111100000000000
00000011111000011111100000000000
00000011110001111111100000000000
00000011111111111111100000000000
00000001111111111111100000000000
00000000111111111111100000000000
00000000011111000111100000000000
00000000000000000111100000000000
00000000000000000111100000000000
00000000000000000111100000000000
00000000000000000111100000000000
00000000000000000111100000000000
00000000000000000111100000000000
00000000000000000111100000000000
00000000000000000111100000000000
00000000000000000111100000000000
00000000000000000011000000000000
00000000000000000000000000000000
00000000000000000000000000000000
00000000000000000000000000000000
00000000000000000000000000000000
00000000000000000000000000000000
00000000000000000000000000000000
00000000000000000000000000000000