8
00000000000000000000000000000000
00000000000000000010000000000000
00000000000000011110000000000000
00000000000000110011100000000000
00000000000001100000100000000000
00000000000011000000110000000000
00000000000010000000010000000000
00000000000010000000110000000000
00000000000010000000100000000000
00000000000010000000100000000000
00000000000011000001100000000000
00000000000000100011000000000000
00000000000000111110000000000000
00000000000000111000000000000000
00000000000001101100000000000000
00000000000011000110000000000000
00000000000110000011000000000000
00000000001100000001100000000000
00000000011000000000100000000000
00000000010000000000110000000000
00000000010000000000010000000000
00000000110000000000010000000000
00000000100000000000010000000000
00000000100000000000010000000000
00000000110000000000010000000000
00000000010000000000010000000000
00000000011000000000010000000000
00000000001110000000100000000000
00000000000011100001100000000000
00000000000000011111000000000000
00000000000000000000000000000000
00000000000000000000000000000000