4
00000000000000000000000000000000
00000000000000000000000000000000
00000000000000000000000000000000
00000000001100000100000000000000
00000000011100001110000000000000
00000000011100001110000000000000
00000000011100001110000000000000
00000000011100001110000000000000
00000000011000001110000000000000
00000000111000000110000000000000
00000000111000000110000000000000
00000000111000000110000000000000
00000000110000000110000000000000
00000001110000000110000000000000
00000001110000001110000000000000
00000001111111111111110000000000
00000001111111111111110000000000
00000000111111111111100000000000
00000000000000001110000000000000
00000000000000001110000000000000
00000000000000001110000000000000
00000000000000001110000000000000
00000000000000001110000000000000
00000000000000001110000000000000
00000000000000001110000000000000
00000000000000001110000000000000
00000000000000001110000000000000
00000000000000000100000000000000
00000000000000000000000000000000
00000000000000000000000000000000
00000000000000000000000000000000
00000000000000000000000000000000