8
00000000000000000000000000000000
00000000000000000000000000000000
00000000000000000000000000000000
00000000000111111000000000000000
00000000111111111110000000000000
00000001111100000110000000000000
00000011100000000110000000000000
00000000110000000111000000000000
00000000111000000011000000000000
00000000011100000011000000000000
00000000001110000011000000000000
00000000000111100011000000000000
00000000000001110011000000000000
00000000000000111011000000000000
00000000000000011111000000000000
00000000000000001111000000000000
00000000000000001111000000000000
00000000000000011111100000000000
00000000000000111001110000000000
00000000000001110000110000000000
00000000000001100000111000000000
00000000000011100000011000000000
00000000000111000000011000000000
00000000000110000000011000000000
00000000000110000000011000000000
00000000000110000000111000000000
00000000000111100001110000000000
00000000000111111111100000000000
00000000000000111111000000000000
00000000000000000000000000000000
00000000000000000000000000000000
00000000000000000000000000000000