4
00000000000000000000000000000000
00000000000000000000000000000000
00001100000000000000000000000000
00001110000000000000011100000000
00001110000000000000011100000000
00001110000000000000011100000000
00001110000000000000011100000000
00000110000000000000011100000000
00000110000000000000011100000000
00000111000000000000011100000000
00000111000000000000011100000000
00000111000000000000011100000000
00000111000000000000011100000000
00000111000000000000011110000000
00000111000000111111111111110000
00000111111111111111111111111000
00000111111111111111111111111000
00000011111110000000001110000000
00000000000000000000001110000000
00000000000000000000001110000000
00000000000000000000001110000000
00000000000000000000001110000000
00000000000000000000001110000000
00000000000000000000001110000000
00000000000000000000001110000000
00000000000000000000001110000000
00000000000000000000001110000000
00000000000000000000001110000000
00000000000000000000000100000000
00000000000000000000000000000000
00000000000000000000000000000000
00000000000000000000000000000000