5
00000000000000000000000000000000
00000000000000000000000000000000
00000000000000000000000000000000
00000000000000000000000000000000
00000001111111111111111110000000
00000001000000000000000000000000
00000001000000000000000000000000
00000001000000000000000000000000
00000001000000000000000000000000
00000001000000000000000000000000
00000001000000000000000000000000
00000001000000000000000000000000
00000001000000000000000000000000
00000001001111111111100000000000
00000001111111000000110000000000
00000000001000000000011000000000
00000000000000000001001100000000
00000000000000000000000100000000
00000000000000000000000100000000
00000000000000000000000100000000
00000000000000000000000100000000
00000000000000000000000100000000
00000000000000000000000100000000
00000000000000000000001100000000
00000000000000000000001000000000
00000000100000000000011000000000
00000000110000000000110000000000
00000000011000000001100000000000
00000000001100000111000000000000
00000000000111111100000010000000
00000000000000000000000000000000
00000000000000000000000000000000