6
00000000000000000000000000000000
00000000000000000000000000000000
00000000000000000000000000000000
00000000001100000000000000000000
00000001111100000000000000000000
00000001111000000000000000000000
00000011110000000000000000000000
00000011100000000000000000000000
00000011110000000000000000000000
00000111100000000000000000000000
00000111100000000000000000000000
00000111100000000000000000000000
00000111100000000000000000000000
00000011100000000000000000000000
00000011110000000000000000000000
00000011100000011111110000000000
00000011100000111111111000000000
00000001110001111111111100000000
00000001111011111111111100000000
00000001111111111110011110000000
00000000111111111000001110000000
00000000011111110000000110000000
00000000001111110000000111000000
00000000000111111000001111000000
00000000000111111100011111000000
00000000000011111111111110000000
00000000000000111111111110000000
00000000000000011111111100000000
00000000000000000000000000000000
00000000000000000000000000000000
00000000000000000000000000000000
00000000000000000000000000000000