7
00000000000000000000000000000000
00000000000000000000000000000000
00000000000000000000000000000000
00000000000000000000000000000000
00000000000000000000110000000000
00001111111111111111110000000000
00000000000000000001100000000000
00000000000000000011000000000000
00000000000000000010000000000000
00000000000000000110000000000000
00000000000000001100000000000000
00000000000000001100000000000000
00000000000000011000000000000000
00000000000000110000000000000000
00000000000000100000000000000000
00000000000001100000000000000000
00000000000011000000000000000000
00000000000110000000000000000000
00000000000110000000000000000000
00000000001100000000000000000000
00000000011000000000000000000000
00000000011000000000000000000000
00000000110000000000000000000000
00000000110000000000000000000000
00000001100000000000000000000000
00000011000000000000000000000000
00000111000000000000000000000000
00001110000000000000000000000000
00001100000000000000000000000000
00000000000000000000000000000000
00000000000000000000000000000000
00000000000000000000000000000000