9
00000000000000000000000000000000
00000000000000000000000000000000
00000000000000000000000000000000
00000000000000000000000000000000
00000000000001111111000000000000
00000000000011000001000000000000
00000000000100000001000000000000
00000000001100000001000000000000
00000000001000000001100000000000
00000000001000000001100000000000
00000000001000000000100000000000
00000000001000000001100000000000
00000000001000000001100000000000
00000000001100000011000000000000
00000000000111100111000000000000
00000000000000111001000000000000
00000000000000000001000000000000
00000000000000000001000000000000
00000000000000000001000000000000
00000000000000000001000000000000
00000000000000000001000000000000
00000000000000000001000000000000
00000000000000000001000000000000
00000000000000000001000000000000
00000000000000000001000000000000
00000000000000000001000000000000
00000000000000000001000000000000
00000000000000000000000000000000
00000000000000000000000000000000
00000000000000000000000000000000
00000000000000000000000000000000
00000000000000000000000000000000