9
00000000000000000000000000000000
00000000000000000000000000000000
00000000000000000000000000000000
00000000000000000000000000000000
00000000000000000000000000000000
00000000000000000111100000000000
00000000000000011101100000000000
00000000000000111001100000000000
00000000000001100001110000000000
00000000000011000001010000000000
00000000000011000001110000000000
00000000000010000001110000000000
00000000000010000001100000000000
00000000000010000001100000000000
00000000000011000001100000000000
00000000000001111111000000000000
00000000000000000001000000000000
00000000000000000001000000000000
00000000000000000001000000000000
00000000000000000001000000000000
00000000000000000001000000000000
00000000000000000001000000000000
00000000000000000001000000000000
00000000000000000001000000000000
00000000000000000000000000000000
00000000000000000000000000000000
00000000000000000000000000000000
00000000000000000000000000000000
00000000000000000000000000000000
00000000000000000000000000000000
00000000000000000000000000000000
00000000000000000000000000000000