9
00000000000000000000000000000000
00000000000000000000000000000000
00000000000000000000000000000000
00000000000011111111110000000000
00000000001110000000011000000000
00000000001100000000011000000000
00000000011000000000011000000000
00000000010000000000011000000000
00000000110000000000111000000000
00000000100000000000111000000000
00000000100000000000101000000000
00000001100000000001101000000000
00000001000000000001101000000000
00000001100001100011001000000000
00000000110000000110001000000000
00000000011100111100001000000000
00000000000111100001001000000000
00000000000000000000001000000000
00000000000000000000001000000000
00000000000000000000001000000000
00000000000000000000001001000000
00000000000000000000001000000000
00000000000000000000001000000000
00000000000000000000001000000000
00000000000000000000001000000000
00000000000000000000001000000000
00000000000000000000001000000000
00000000000000000000001000000000
00000000000000000000001000000000
00000000000000000000001000000000
00000000000000000000000000000000
00000000000000000000000000000000