7
00000000000000000000000000000000
00000000000000000000000000000000
00000000000000000000000000000000
00000011111111000000000000000000
00000000000000111111111111100000
00000000000000000000000000110000
00000000000000000000000000110000
00000000000000000000000001100000
00000000000000000000000001000000
00000000000000000000000001000000
00000000000000000000000010000000
00000000000000000000000100000000
00000000000000000000001100000000
00000000000000000000011000000000
00000000000000000000110000000000
00000000000000000000100000000000
00000000000000000001100000000000
00000000000000000010000000000000
00000000000000000110000000000000
00000000000000001100000000000000
00000000000000011000000000000000
00000000000000110000000000000000
00000000000001100000000000000000
00000000000001000000000000000000
00000000000011000000000000000000
00000000000110000000000000000000
00000000000100000000000000000000
00000000001100000000000000000000
00000000001000000000000000000000
00000000000000000000000000000000
00000000000000000000000000000000
00000000000000000000000000000000