9
00000000000000000000000000000000
00000000000000000000000000000000
00000000000000000000000000000000
00000000011111111111110000000000
00000001111111111111111110000000
00000011111111111111111111000000
00000011111100000001111111100000
00000111110000000000001111100000
00000111100000000000000011100000
00000111100000000000000011100000
00000111000000000000000111100000
00000111100000000000000111100000
00000111110000000000001111100000
00000111111000000000011111100000
00000011111111000001111111100000
00000001111111111111111111100000
00000000111111111111111111100000
00000000000111111111110011100000
00000000000000000000000111100000
00000000000000000000000111100000
00000000000000000000000111100000
00000000000000000000000111000000
00000000000000000000000111000000
00000000000000000000000111100000
00000000000000000000000111100000
00000000000000000000000111100000
00000000000000000000000011100000
00000000000000000000000011100000
00000000000000000000000011100000
00000000000000000000000011100000
00000000000000000000000000000000
00000000000000000000000000000000