9
00000000000000000000000000000000
00000000000000000000000000000000
00000000000000000000000000000000
00000000000000110000000000000000
00000000000000101111100000000000
00000000000001000000110000000000
00000000000001000000110000000000
00000000000010000000011000000000
00000000000010000000011000000000
00000000000110000000011000000000
00000000000100000000010100000000
00000000000100000000010100000000
00000000000110000000010100000000
00000000000010000000010100000000
00000000000011100000110100000000
00000000000000011111000100000000
00000000000000000000001000000000
00000000000000000000001000000000
00000000000000000000001000000000
00000000000000000000001000000000
00000000000000000000001000000000
00000000000000000000010000000000
00000000000000000000010000000000
00000000000000000000110000000000
00000000000000000000100000000000
00000000100000000001000000000000
00000000110000000010000000000000
00000000011100001100000000000000
00000000000100011000000000000000
00000000000011110000000000000000
00000000000000000000000000000000
00000000000000000000000000000000