3
00000000000000000000000000000000
00000000000000000000000000000000
00000000000000000000000000000000
00000011111111111111111111110000
00000000000000000000000001100000
00000000000000000000000111000000
00000000000000000000011100000000
00000000000000000000110000000000
00000000000000000011100000000000
00000000000000000110000000000000
00000000000000011100000000000000
00000000000000110000000000000000
00000000000001100000000000000000
00000000000011000000000000000000
00000000000110000000000000000000
00000000001111111000000000000000
00000000001000001111100000000000
00000000000000000000110000000000
00000000000000000000011000000000
00000000000000000000001000000000
00000000000000000000001000000000
00000000000000000000001000000000
00000000000000000000001000000000
00000000000000000000001000000000
00000001000000000000001000000000
00000001000000000000011000000000
00000001110000000000010000000000
00000000011000000000110000000000
00000000011111100001100000000000
00000000000000111111000010000000
00000000000000000000000000000000
00000000000000000000000000000000