0
00000000000000000000000000000000
00000000000000000000000000000000
00000000000000000000000000000000
00000000000001000000000000000000
00000000000111111100000000000000
00000000011111111111000000000000
00000000011110111111100000000000
00000000111100000111110000000000
00000001111000000001111000000000
00000001110000000000111100000000
00000011110000000000011100000000
00000011100000000000001110000000
00000011100000000000001110000000
00000011100000000000001110000000
00000111000000000000001110000000
00000111000000000000001110000000
00000111000000000000001110000000
00000111000000000000001110000000
00000111000000000000011100000000
00000111000000000000011100000000
00000111100000000000111000000000
00000011100000000001111000000000
00000011110000000111110000000000
00000001111100001111100000000000
00000000111111111111000000000000
00000000011111111100000000000000
00000000000011100000000000000000
00000000000001100000000000000000
00000000000011100000000000000000
00000000000001000000000000000000
00000000000000000000000000000000
00000000000000000000000000000000