0
00000000000000000000000000000000
00000000000000000000000000000000
00000000000000000000000000000000
00000000000111111000000000000000
00000000011111111000000000000000
00000000111111111110000000000000
00000000111111001110000000000000
00000000111100001110000000000000
00000000111000001110000000000000
00000000111000001111000000000000
00000000111000001111100000000000
00000000111000001111100000000000
00000000111000000111110000000000
00000000111000000011110000000000
00000000111000000011111000000000
00000000111100000001111100000000
00000000111100000000111100000000
00000000011100000000111110000000
00000000011110000000011110000000
00000000011110000000011111000000
00000000011110000000001111000000
00000000001111000000000111000000
00000000001111100000000111000000
00000000001111111000000111000000
00000000000111111111101111000000
00000000000001111111111111000000
00000000000000011111111111000000
00000000000000000001111110000000
00000000000000000000000000000000
00000000000000000000000000000000
00000000000000000000000000000000
00000000000000000000000000000000