5
00000000000000000000000000000000
00000000000000000000000000000000
00000000000000000000000000000000
00000011111111111111111110000000
00000011111111111111111110000000
00000011111111111111111110000000
00000111100000000000000000000000
00000111100000000000000000000000
00000111100000000000000000000000
00000111000000000000000000000000
00000111000000000000000000000000
00000111000000000000000000000000
00000111000000000000000000000000
00000111111111111111000000000000
00000111111111111111111000000000
00000111111111111111111110000000
00000000000000000111111111000000
00000000000000000000111111000000
00000000000000000000001111100000
00000000000000000000000111100000
00000000000000000000000111100000
00000000000000000000000011100000
00000000000000000000001111100000
00000000000000000001111111100000
00000011100000111111111111100000
00000011111111111111111110000000
00000011111111111111110000000000
00000011111111111000000000000000
00000000000000000000000000000000
00000000000000000000000000000000
00000000000000000000000000000000
00000000000000000000000000000000