0
00000000000000000000000000000000
00000000000000000000000000000000
00000000000000000000000000000000
00000000000000000000000000000000
00000000000001110000000000000000
00000000000111011110000000000000
00000000001100000011000000000000
00000000010000000001100000000000
00000000110000000000100000000000
00000001100000000000110000000000
00000001000000000000010000000000
00000011000000000000011000000000
00000010000000000000001000000000
00000010000000000000001000000000
00000010000000000000001000000000
00000010000000000000001000000000
00000010000000000000011000000000
00000011000000000000010000000000
00000001100000000000110000000000
00000000110000000011100000000000
00000000011111111110000000000000
00000000000000000000000000000000
00000000000000000000000000000000
00000000000000000000000000000000
00000000000000000000000000000000
00000000000000000000000000000000
00000000000000000000000000000000
00000000000000000000000000000000
00000000000000000000000000000000
00000000000000000000000000000000
00000000000000000000000000000000
00000000000000000000000000000000