0
00000000000000000000000000000000
00000000000000000000000000000000
00000000000000000000000000000000
00000000000000000000000000000000
00000000000000011111000000000000
00000000000001110011100000000000
00000000001111000000110000000000
00000000011000000000011000000000
00000000110000000000001000000000
00000000100000000000001100000000
00000001100000000000000110000000
00000001000000000000000010000000
00000011000000000000000010000000
00000011000000000000000010000000
00000010000000000000000110000000
00000010000000000000000100000000
00000010000000000000001100000000
00000010000000000000001100000000
00000010000000000000011000000000
00000010000000000000011000000000
00000010000000000000110000000000
00000011000000000000110000000000
00000011000000000001100000000000
00000001100000000011000000000000
00000000110000001110000000000000
00000000011001111000000000000000
00000000001111100000000000000000
00000000000000000000000000000000
00000000000000000000000000000000
00000000000000000000000000000000
00000000000000000000000000000000
00000000000000000000000000000000