3
00000000000000000000000000000000
00000000000000000000000000000000
00000000000000010000000000000000
00000000000011111100000000000000
00000000000111111110000000000000
00000000001111001110000000000000
00000000001110000110000000000000
00000000001100001110000000000000
00000000000000001110000000000000
00000000000000011110000000000000
00000000000000111100000000000000
00000000000001111000000000000000
00000000000111110000000000000000
00000000001111111100000000000000
00000000001111111110000000000000
00000000000000011111000000000000
00000000000000000111100000000000
00000000000000000011100000000000
00000000011100000011100000000000
00000000111100000011100000000000
00000000111000000011100000000000
00000000111000000011100000000000
00000000011100000111000000000000
00000000011110011110000000000000
00000000001111111110000000000000
00000000000111111000000000000000
00000000000000000000000000000000
00000000000000000000000000000000
00000000000000000000000000000000
00000000000000000000000000000000
00000000000000000000000000000000
00000000000000000000000000000000