6
00000000000000000000000000000000
00000000000000000000000000000000
00000000000000000000000000000000
00000000000000000000000000000000
00000000000000000000000000000000
00000000000000000000000000000000
00000000000111111110000000000000
00000000011100000000000000000000
00000000010000000000000000000000
00000000100000000000000000000000
00000000100000000000000000000000
00000001000000000000000000000000
00000001000000000000000000000000
00000001000000000000000000000000
00000001000000000000000000000000
00000001000000000000000000000000
00000001000000000000000000000000
00000001000011111000000000000000
00000001001110000111000000000000
00000001011000000000110000000000
00000001110000000000011000000000
00000000100000000000001000000000
00000000100000000000001000000000
00000000010000000000001000000000
00000000011000000000001000000000
00000000000110000000001000000000
00000000000011110000001000000000
00000000000000011100011000000000
00000000000000000011110000000000
00000000000000000000000000000000
00000000000000000000000000000000
00000000000000000000000000000000