9
00000000000000000000000000000000
00000000000000000000000000000000
00000000000000000000000000000000
00000000000000000000000000000000
00000000000000000000000000000000
00000000000000011111000000000000
00000000000011110001100000000000
00000000000110000000100000000000
00000000001100000000100000000000
00000000001100000000100000000000
00000000011000000000100000000000
00000000010000000000100000000000
00000000010000000000100000000000
00000000011100000000100000000000
00000000001111000000100000000000
00000000000001111111100000000000
00000000000000000000110000000000
00000000000000000000110000000000
00000000000000000000010000000000
00000000000000000000010000000000
00000000000000000000010000000000
00000000000000000000010000000000
00000000000000000000010000000000
00000000000000000000010000000000
00000000000000000000010000000000
00000000000000000000000000000000
00000000000000000000000000000000
00000000000000000000000000000000
00000000000000000000000000000000
00000000000000000000000000000000
00000000000000000000000000000000
00000000000000000000000000000000