5
00000000000000000000000000000000
00000000000000000000000000000000
00000000000000000000000000000000
00000000000000000000000000000000
00000011111111111111000000000000
00000010000000000000000000000000
00000010000000000000000000000000
00000010000000000000000000000000
00000010000000000000000000000000
00000010000000000000000000000000
00000010000000000000000000000000
00000010000000000000000000000000
00000010000000000000000000000000
00000011111111100000000000000000
00000011100001111000000000000000
00000000000000011100000000000000
00000000000000001111000000000000
00000000000000000011000000000000
00000000000000000001100000000000
00000000000000000000100000000000
00000000000000000000100000000000
00000000000000000001100000000000
00000000000000000001000000000000
00000000000000000111000000000000
00000000000000111110000000000000
00000000001111110000000000000000
00000000000000000000000000000000
00000000000000000000000000000000
00000000000000000000000000000000
00000000000000000000000000000000
00000000000000000000000000000000
00000000000000000000000000000000