1
00000000000000000000000000000000
00000000000000000000000000000000
00000000000000000000000000000000
00000000000000100000000000000000
00000000000000110000000000000000
00000000000001110000000000000000
00000000000011010000000000000000
00000000000110010000000000000000
00000000001100011000000000000000
00000000011000011000000000000000
00000001110000001000000000000000
00000011000000001000000000000000
00000010000000001000000000000000
00000000000000001000000000000000
00000000000000001000000000000000
00000000000000001000000000000000
00000000000000001000000000000000
00000000000000001000000000000000
00000000000000001000000000000000
00000000000000001000000000000000
00000000000000001000000000000000
00000000000000001000000000000000
00000000000000001000000000000000
00000000000000001100000000000000
00000000000000001100000000000000
00000000000000000100000000000000
00000000011111111100000000000000
00000111111111111111111111100000
00000000000000000000000000000000
00000000000000000000000000000000
00000000000000000000000000000000
00000000000000000000000000000000