4
00000000000000000000000000000000
00001110000000000000000000000000
00001110000000000000011100000000
00001110000000000000011100000000
00001111000000000000011100000000
00001111000000000000011100000000
00000111000000000000011100000000
00000111000000000000011100000000
00000111000000000000011100000000
00000111000000000000011100000000
00000111000000000000011100000000
00000111000000000000011100000000
00000111000000000000011100000000
00000111000000000000011100000000
00000111100000000000011100000000
00000111111111111111111111110000
00000111111111111111111111110000
00000011111111111111111111110000
00000000000000000000011100000000
00000000000000000000011100000000
00000000000000000000011110000000
00000000000000000000011110000000
00000000000000000000001110000000
00000000000000000000001110000000
00000000000000000000001110000000
00000000000000000000001110000000
00000000000000000000001110000000
00000000000000000000001110000000
00000000000000000000001110000000
00000000000000000000001110000000
00000000000000000000000000000000
00000000000000000000000000000000