5
00000000000000000000000000000000
00000000000000000000000000000000
00000000000000000000000000000000
00000000000000000000000000000000
00000000000000000000000000000000
00000000011111111111100000000000
00000000010000000000000000000000
00000000010000000000000000000000
00000000010000000000000000000000
00000000010000000000000000000000
00000000010000000000000000000000
00000000010000110000000000000000
00000000010011101111100000000000
00000000010110000000011000000000
00000000001100000000001000000000
00000000001000000000000100000000
00000000000000000000000110000000
00000000000000000000000001000000
00000000000000000000000001100000
00000000000000000000000000100000
00000000000000000000000000100000
00000001000000000000000000100000
00000001100000000000000000100000
00000000100000000000000000100000
00000000100000000000000000100000
00000000010000000000000001000000
00000000011000000000000011000000
00000000001111100000000110000000
00000000000000011100111000000000
00000000000000000111100000000000
00000000000000000000000000000000
00000000000000000000000000000000