9
00000000000000000000000000000000
00000000000000000000000000000000
00000000000000000000000000000000
00000000000000000000000000000000
00000000000000000000000000000000
00000000000000000011000000000000
00000000000000001110000000000000
00000000000000111000100000000000
00000000000001110000100000000000
00000000000001100000110000000000
00000000000011000000110000000000
00000000000010000000110000000000
00000000000010000000010000000000
00000000000010000000010000000000
00000000000010000000010000000000
00000000000010000000110000000000
00000000000011000000110000000000
00000000000011000001110000000000
00000000000001111111010000000000
00000000000000000000010000000000
00000000000000000000010000000000
00000000000000000000010000000000
00000000000000000000011000000000
00000000000000000000011000000000
00000000000000000000001000000000
00000000000000000000001000000000
00000000000000000000001000000000
00000000000000000000001000000000
00000000000000000000001000000000
00000000000000000000001000000000
00000000000000000000000000000000
00000000000000000000000000000000