9
00000000000000000000000000000000
00000000000000000000000000000000
00000000000000000000000000000000
00000000000000000000000000000000
00000000000001111111110000000000
00000000000011000000011000000000
00000000000110000000001000000000
00000000001100000000001100000000
00000000001000000000000100000000
00000000001000000000000110000000
00000000010000000000000010000000
00000000010000000000000010000000
00000000010000000000000110000000
00000000010000000000000110000000
00000000110000000000000110000000
00000000010000000000001110000000
00000000010000000000011110000000
00000000011000000000110100000000
00000000001110000011100100000000
00000000000011111110001100000000
00000000000000000000001000000000
00000000000000000000011000000000
00000000000000000000010000000000
00000000000000000000110000000000
00000000000000000001100000000000
00000000000000000111000000000000
00000000000000001100000000000000
00000000000001111000000000000000
00000000000111000000000000000000
00000000001100000000000000000000
00000000000000000000000000000000
00000000000000000000000000000000