9
00000000000000000000000000000000
00000000000000000000000000000000
00000000000000000000000000000000
00000000000000000000000000000000
00000000000000000011000000000000
00000000000011110011000000000000
00000000000111000011000000000000
00000000001100000011000000000000
00000000001000000001000000000000
00000000001000000001100000000000
00000000001000000001100000000000
00000000001000000001100000000000
00000000001000000001100000000000
00000000001000000001100000000000
00000000001000000001100000000000
00000000001100000001100000000000
00000000000111100001100000000000
00000000000001111111100000000000
00000000000000000001000000000000
00000000000000000001000000000000
00000000000000000001000000000000
00000000000000000001000000000000
00000000000000000001000000000000
00000000000000000001000000000000
00000000000000000001000000000000
00000000000000000001000000000000
00000000000000000001000000000000
00000000000000000001000000000000
00000000000000000000000000000000
00000000000000000000000000000000
00000000000000000000000000000000
00000000000000000000000000000000