9
00000000000000000000000000000000
00000000000000000000000000000000
00000000000000000000000000000000
00000001111111111111100000000000
00001110000000000000100000000000
00011000000000000000100000000000
00010000000000000000100000000000
00110000000000000000100000000000
00110000000000000000100000000000
00010000000000000000100000000000
00011000000000000000100000000000
00001110000000000000100000000000
00000011111100000000100000000000
00000000011111111111110000000000
00000000000000000001100000000000
00000000000000000000100000000000
00000000000000000000100000000000
00000000000000000000100000000000
00000000000000000001100000000000
00000000000000000000100000000000
00000000000000000000100000000000
00000000000000000000100000000000
00000000000000000000100000000000
00000000000000000000110000000000
00000000000000000000110000000000
00000000000000000000110000000000
00000000000000000000110000000000
00000000000000000000110000000000
00000000000000000000110000000000
00000000000000000000110000000000
00000000000000000000000000000000
00000000000000000000000000000000