1
00000000000000000000000000000000
00000000000000000000000000000000
00000000000000000000000000000000
00000000000000000000000000000000
00000000000000000000000000000000
00000000000000000000000000000000
00000000000001000000000000000000
00000000000011000000000000000000
00000000000011000000000000000000
00000000000111000000000000000000
00000000001101000000000000000000
00000000011011000000000000000000
00000000010011000000000000000000
00000000000010000000000000000000
00000000000010000000000000000000
00000000000010000000000000000000
00000000000010000000000000000000
00000000000010000000000000000000
00000000000010000000000000000000
00000000000010000000000000000000
00000000000010000000000000000000
00000000000110000000000000000000
00000000000010000000000000000000
00000000000000000000000000000000
00000000000000000000000000000000
00000000000000000000000000000000
00000000000000000000000000000000
00000000000000000000000000000000
00000000000000000000000000000000
00000000000000000000000000000000
00000000000000000000000000000000
00000000000000000000000000000000