9
00000000000000000000000000000000
00000000000000111000000000000000
00000000000011100110000000000000
00000000000110000110000000000000
00000000001100000110000000000000
00000000001000001100000000000000
00000000011000001100000000000000
00000000110000001100000000000000
00000000110000001100000000000000
00000001100000011100000000000000
00000001000000011100000000000000
00000001000000011000000000000000
00000001000000011000000000000000
00000001000000110000000000000000
00000001000001110000000000000000
00000001000011010000000000000000
00000001111110110000000000000000
00000000000000110000000000000000
00000000000000100000000000000000
00000000000000100000000000000000
00000000000000100000000000000000
00000000000000100000000000000000
00000000000000100000000000000000
00000000000000100000000000000000
00000000000000100000000000000000
00000000000000100000000000000000
00000000000000100000000000000000
00000000000000100000000000000000
00000000000000100000000000000000
00000000000000000000000000000000
00000000000000000000000000000000
00000000000000000000000000000000