5
00000000000000000000000000000000
00000000000000000000000000000000
00000000000000000000000000000000
00000001100000000000000000000000
00000001111111111111100000000000
00000001000000000000000000000000
00000001000000000000000000000000
00000001000000000000000000000000
00000001000000000000000000000000
00000001000000000000000000000000
00000001000000000000000000000000
00000001000000000000000000000000
00000001000000000000000000000000
00000001000000000000000000000000
00000001000111111111110000000000
00000001011110000000011000000000
00000001111000000000001100000000
00000000100000000000001100000000
00000000000000000000000100000000
00000000000000000000000110000000
00000000000000000000000010000000
00000000000000000000000110000000
00000000000000000000011100000000
00000000000000000011111000000000
00000000000000011111000000000000
00000000000011110000000000000000
00000000001110000000000000000000
00000000000000000000000000000000
00000000000000000000000000000000
00000000000000000000000000000000
00000000000000000000000000000000
00000000000000000000000000000000