2
00000000000000000000001000000000
00000000000000000000000100000000
00000000000000000100000000000000
00000000000000000000100100000000
00000000000000111111000000000000
00000000000011111111110000000000
00000000000111111001110100000000
00000000001110000100111000000000
00000000001010000000011000000000
00000000111000000000011000000000
00000000001000000100111000000000
00000000000000000100011000000000
00000000000000000000011000000000
00000000000000000000011000000000
00000000000000000000110000000000
00000000001000000000110000000000
00000000001100000011110000000000
00000000011110001001100000000000
00000000110111100110000000000000
00000000100101111101000000000000
00000000111001111101010000000000
00000000111111011110100000000000
00000000000000000111010000000000
00000000000000001001110000000000
00000000000000000000111000000000
00000000000000000010011100000000
00000000000000000000001000000000
00000000000000001000000000000000
00000000000000000000000000000000
00000000000000000000000000000000
00000000000000000000000000000000
00000000000000000000100000000000