8
00000000000000000000000000000000
00000000001111111100000000000000
00000000111000000110000000000000
00000001100000000011100000000000
00000011000000000000110000000000
00000010000000000000010000000000
00000110000000000000011000000000
00011100000000000000001000000000
00001111000000000000001000000000
00001001111000000000011000000000
00000000001110000001110000000000
00000000000011100111000000000000
00000000000000111100000000000000
00000000000011111100000000000000
00000000000110000110000000000000
00000000011100000011000000000000
00000000110000000001100000000000
00000001100000000000110000000000
00000001000000000000010000000000
00000001000000000000010000000000
00000001000000000000011000000000
00000001000000000000001000000000
00000001000000000000001000000000
00000001100000000000001000000000
00000000100000000000001000000000
00000000100000000000001000000000
00000000110000000000001000000000
00000000011000000000011000000000
00000000001100000000110000000000
00000000000111000001100000000000
00000000000001111111000000000000
00000000000000000000000000000000