0
00000000000000000000000000000000
00000000000000000000000000000000
00000000000000000000000000000000
00000000000000000000000000000000
00000000000000000000000000000000
00000000000000000000000000000000
00000000000011111100000000000000
00000000000110000111110000000000
00000000000110000000011000000000
00000000001100000000001100000000
00000000011000000000000100000000
00000000011000000000000110000000
00000000110000000000000010000000
00000000100000000000000010000000
00000000100000000000000010000000
00000000100000000000000110000000
00000000100000000000001100000000
00000000100000000000001100000000
00000000100000000000011000000000
00000000110000000000010000000000
00000000011000000000110000000000
00000000001110000001100000000000
00000000000111111111000000000000
00000000000000000000000000000000
00000000000000000000000000000000
00000000000000000000000000000000
00000000000000000000000000000000
00000000000000000000000000000000
00000000000000000000000000000000
00000000000000000000000000000000
00000000000000000000000000000000
00000000000000000000000000000000