1
00000000000000000000100000000000
00000000000000001001000000000000
00000000000000000001000000000000
00000000000000000000010000000000
00000000000000000110000100000000
00000000000000000110000000000000
00000000000000001111010000000000
00000000000000001111000100000000
00000000000000111111000000000000
00000000000001011011100000000000
00000000000000110001100000000000
00000000010001100101100000000000
00000000000011010101100000000000
00000000000110100001100000000000
00000000101100100001110000000000
00000000011000001001110100000000
00000000000000000001100000000000
00000000000000000001100000000000
00000000000000000001100000000000
00000000000000000001100000000000
00000000000000000001100000000000
00000000000000000001100000000000
00000000000000000001100000000000
00000000000000000001100000000000
00000000000000000011100000000000
00000000000000000001000000000000
00000000000000000000000000000000
00000000000000000000000000000000
00000000000000000000000000000000
00000000000000000000000000000000
00000000000000000000000000000000
00000000000000000000000000000000