8
00000000000000000000000000000000
00000000000000000000000000000000
00000000000000000000000000000000
00000000000000000000000000000000
00000000000000000000000000000000
00000000000001110110000000000000
00000000000110011111100000000000
00000000001000000000111000000000
00000000110000000000001000000000
00000001100000000000001000000000
00000001000000000000001000000000
00000001000000000000001000000000
00000011000000000000001000000000
00000001000000000000011000000000
00000001000000000000110000000000
00000001000000000111000000000000
00000000111100111100000000000000
00000000000011111110000000000000
00000000001110000011100000000000
00000000010000000000110000000000
00000000110000000000011000000000
00000000100000000000001000000000
00000000100000000000001100000000
00000000100000000000000100000000
00000000100000000000000100000000
00000000100000000000001100000000
00000000110000000000011000000000
00000000010000000000110000000000
00000000001100000001100000000000
00000000000111000111000000000000
00000000000000111000000000000000
00000000000000000000000000000000