9
00000000000000000000000000000000
00000000000000000000000000000000
00000000000011111100000000000000
00000000000111111111000000000000
00000000001111111111000000000000
00000000001110000011000000000000
00000000001110000011100000000000
00000000011100000011100000000000
00000000011100000011100000000000
00000000011100000011100000000000
00000000011100000111100000000000
00000000011100001111110000000000
00000000001111111111110000000000
00000000001111111101110000000000
00000000000011110001110000000000
00000000000000000001110000000000
00000000000000000001110000000000
00000000000000000001110000000000
00000000000000000001110000000000
00000000000000000001110000000000
00000000000000000001110000000000
00000000000000000001110000000000
00000000000000000001110000000000
00000000000000000001110000000000
00000000000000000001110000000000
00000000000000000001110000000000
00000000000000000011100000000000
00000000000000000011100000000000
00000000000000000011100000000000
00000000000000000000000000000000
00000000000000000000000000000000
00000000000000000000000000000000