8
00000000000000000000000000000000
00000000000000000100000000000000
00000000000000111110000000000000
00000000000111111110000000000000
00000000001111100111000000000000
00000000011100000011000000000000
00000000111000000011000000000000
00000001110000000011000000000000
00000011100000000011000000000000
00000011000000000011000000000000
00000011100000000011000000000000
00000001100000000011000000000000
00000001100000000011000000000000
00000001110000000111000000000000
00000000111000000110000000000000
00000000011000001110000000000000
00000000011100011100000000000000
00000001111111111110000000000000
00000111111111111111000000000000
00001111000000000011110000000000
00001100000000000000111000000000
00001100000000000000011000000000
00001100000000000000011100000000
00001100000000000000001100000000
00001110000000000000001100000000
00000111000000000000001100000000
00000011111000000011111100000000
00000000111111111111111000000000
00000000001111111110000000000000
00000000000000000000000000000000
00000000000000000000000000000000
00000000000000000000000000000000