4
00000000000000000000000000000000
00000000000000000000000000000000
00000000000000000111000000000000
00000000011000000111000000000000
00000000111000000111000000000000
00000000111000000111000000000000
00000000111000000111000000000000
00000000111000000111000000000000
00000000111000000111000000000000
00000000111000000111000000000000
00000000110000000111000000000000
00000000110000000110000000000000
00000001110000000110000000000000
00000001110000000110000000000000
00000001110000000110000000000000
00000001110000111110000000000000
00000001111111111111100000000000
00000001111111111111100000000000
00000000111100000110000000000000
00000000000000000110000000000000
00000000000000000110000000000000
00000000000000000110000000000000
00000000000000000110000000000000
00000000000000000110000000000000
00000000000000001110000000000000
00000000000000001110000000000000
00000000000000001110000000000000
00000000000000001110000000000000
00000000000000000110000000000000
00000000000000000000000000000000
00000000000000000000000000000000
00000000000000000000000000000000