4
00000000001000000000000000000000
00000000000000000000000000000000
00000000000010000000000000000000
00000000000000000000000000000000
00000000000000000000000000000000
00000000110000000000000000000000
00000000111000000000000000000000
00000000110000100000000000000000
00000000110000000000000000000000
00000000100000000000000000000000
00000001100000000000000000000000
00000001100000000010000000000000
00000001100000000000000000000000
00000001100000011000000000000000
00000001100000011010000000000000
00000001100000011000000000000000
00000001100000011000000000000000
00000001110000011000000000000000
00000011000000011000100011000000
00000011001111111111111111000000
00000011111111011000000010000000
00000011110000011000000000000000
00000011100000011000000000000000
00001000000010111000000000000000
00000000000000111100000000000000
00000000000000011000000000000000
00000000000000000000000000000000
00000000000000000000000000000000
00000000000000000000000000000000
00000000000000000000000000000000
00000000000000000000000000000000
00000000000000000000000000000000