0
00000000000000000000000000000000
00000000000000000000000000000000
00000000000000000000000000000000
00000000000000000000000000000000
00000000000000000000000000000000
00000000000000000000000000000000
00000000000001111100000000000000
00000000000011000111000000000000
00000000000110000001100000000000
00000000001100000000110000000000
00000000011000000000011000000000
00000000010000000000001100000000
00000000110000000000000100000000
00000000100000000000000100000000
00000000100000000000000110000000
00000000100000000000000010000000
00000001100000000000000010000000
00000001000000000000000010000000
00000001000000000000000010000000
00000001000000000000000010000000
00000001000000000000000110000000
00000001000000000000000100000000
00000001000000000000000100000000
00000001100000000000001100000000
00000000100000000000001000000000
00000000110000000000011000000000
00000000011100000000110000000000
00000000000111000001100000000000
00000000000001111111000000000000
00000000000000000000000000000000
00000000000000000000000000000000
00000000000000000000000000000000