8
00000000000000000000000000000000
00000000000000000111000000000000
00000000000000011110000000000000
00000000000001110011000000000000
00000000000111000001100000000000
00000000001100000000100000000000
00000000001000000000110000000000
00000000011000000000010000000000
00000000011000000000010000000000
00000000001000000000010000000000
00000000001100000000010000000000
00000000000110000001110000000000
00000000000011001111000000000000
00000000000001111000000000000000
00000000000000111000000000000000
00000000000001001110000000000000
00000000000010000011000000000000
00000000001100000000100000000000
00000000011000000000011000000000
00000000110000000000001000000000
00000000100000000000001000000000
00000001100000000000001000000000
00000001000000000000001000000000
00000010000000000000011000000000
00000010000000000000010000000000
00000010000000000000110000000000
00000010000000000011000000000000
00000001000000011110000000000000
00000001111111100000000000000000
00000000000000000000000000000000
00000000000000000000000000000000
00000000000000000000000000000000