0
00000000000000000000000000000000
00000000000000000000000000000000
00000000000000000000000000000000
00000000001111111100000000000000
00000000011000000111000000000000
00000001110000000001110000000000
00000011000000000000011000000000
00000110000000000000001100000000
00000100000000000000000110000000
00001100000000000000000011000000
00001000000000000000000001000000
00011000000000000000000001100000
00010000000000000000000000100000
00010000000000000000000000110000
00011000000000000000000000010000
00001000000000000000000000010000
00001000000000000000000000010000
00001000000000000000000000010000
00001100000000000000000000010000
00000100000000000000000000010000
00000100000000000000000000010000
00000110000000000000000000010000
00000010000000000000000000010000
00000011000000000000000000010000
00000001100000000000000000010000
00000000110000000000000000110000
00000000011100000000000001100000
00000000000111000000000011000000
00000000000001111111111110000000
00000000000000000000000000000000
00000000000000000000000000000000
00000000000000000000000000000000