6
00000000000000000000000000000000
00000000000000000000000000000000
00000000000000000000000000000000
00000000000000000000000000000000
00000000000000001111000000000000
00000000000001111000000000000000
00000000001111100000000000000000
00000000011100000000000000000000
00000000110000000000000000000000
00000000100000000000000000000000
00000001100000000000000000000000
00000001000000000000000000000000
00000001000000000000000000000000
00000011000000000000000000000000
00000011111111100000000000000000
00000010000001111100000000000000
00000010000000001111000000000000
00000010000000000011100000000000
00000110000000000000110000000000
00000110000000000000011000000000
00000100000000000000001000000000
00000100000000000000001000000000
00000100000000000000001000000000
00000100000000000000001000000000
00000100000000000000011000000000
00000100000000000000011000000000
00000110000000000000110000000000
00000010000000000011110000000000
00000011100001111111000000000000
00000001111111100000000000000000
00000000000000000000000000000000
00000000000000000000000000000000