1
00000000000000000000000000000000
00000000000000000000000000000000
00000000000000000000000000000000
00000000000000000000000000000000
00000000000000000000000000000000
00000000000000000000000000000000
00000000000000000000000000000000
00000000000001100000000000000000
00000000000111100000000000000000
00000000000100100000000000000000
00000000000000100000000000000000
00000000000000100000000000000000
00000000000000100000000000000000
00000000000000100000000000000000
00000000000000100000000000000000
00000000000000100000000000000000
00000000000000100000000000000000
00000000000000100000000000000000
00000000000000100000000000000000
00000000000000100000000000000000
00000000000000100000000000000000
00000000000000100000000000000000
00000000000000100000000000000000
00000000000000100000000000000000
00000000000000000000000000000000
00000000000000000000000000000000
00000000000000000000000000000000
00000000000000000000000000000000
00000000000000000000000000000000
00000000000000000000000000000000
00000000000000000000000000000000
00000000000000000000000000000000