9
00000000000000000000000000000000
00000000000000000000000000000000
00000000000000000000000000000000
00000000000000111111000000000000
00000000000011111111000000000000
00000000000111111111000000000000
00000000001111000111100000000000
00000000011110000111000000000000
00000000011100001111000000000000
00000000111000011111000000000000
00000000111000111111000000000000
00000000111001111111000000000000
00000000111111110110000000000000
00000000111111100110000000000000
00000000111110001110000000000000
00000000001000001110000000000000
00000000000000001110000000000000
00000000000000001110000000000000
00000000000000001110000000000000
00000000000000001110000000000000
00000000000000001100000000000000
00000000000000001100000000000000
00000000000000011100000000000000
00000000000000011100000000000000
00000000000000011110000000000000
00000000000000001100000000000000
00000000000000000000000000000000
00000000000000000000000000000000
00000000000000000000000000000000
00000000000000000000000000000000
00000000000000000000000000000000
00000000000000000000000000000000