0
00000000000000000000000000000000
00000000000000000000000000000000
00000000000000000000000000000000
00000000000000000000000000000000
00000000000000000000000000000000
00000000000000000000000000000000
00000000000001111111110000000000
00000000000001111111110000000000
00000000000011111111111110000000
00000000000011100001111110000000
00000000000011100000111110000000
00000000000011100000001111000000
00000000000111100000001111100000
00000000000111100000001111100000
00000000000111100000000111100000
00000000000111000000000011100000
00000000000111000000000011100000
00000000000111000000000011100000
00000000000111000000000011100000
00000000000111000000000011100000
00000000000111000000000011100000
00000000000111000000000011100000
00000000000111000000000011100000
00000000000111000000000011100000
00000000000111000000000011100000
00000000000111000000000011100000
00000000000111000000000111100000
00000000000111000000011111100000
00000000000111111100111111000000
00000000000111111111111110000000
00000000000011111111111000000000
00000000000000011111110000000000