1
00000000000000000000000000000000
00000000000000000000000000000000
00000000000000000000000000000000
00000000000001100000000000000000
00000000000011100000000000000000
00000000001110100000000000000000
00000000111000100000000000000000
00000001100000100000000000000000
00000011000000110000000000000000
00000110000000010000000000000000
00000000000000010000000000000000
00000000000000010000000000000000
00000000000000010000000000000000
00000000000000010000000000000000
00000000000000010000000000000000
00000000000000010000000000000000
00000000000000010000000000000000
00000000000000010000000000000000
00000000000000010000000000000000
00000000000000010000000000000000
00000000000000010000000000000000
00000000000000010000000000000000
00000000000000010000001111000000
00000000000011111111111001110000
00000000011110000000000000000000
00000111110000000000000000000000
00000000000000000000000000000000
00000000000000000000000000000000
00000000000000000000000000000000
00000000000000000000000000000000
00000000000000000000000000000000
00000000000000000000000000000000