9
00000000000000000000000000000000
00000000000000000000000000000000
00000000000000000000000000000000
00000000000000000000000000000000
00000000011111111000000000000000
00000000110000001100000000000000
00000000100000000110000000000000
00000001100000000100000000000000
00000001000000000100000000000000
00000001000000000110000000000000
00000001000000000110000000000000
00000001100000000110000000000000
00000000111100001110000000000000
00000000000111111010000000000000
00000000000000000010000000000000
00000000000000000010000000000000
00000000000000000010000000000000
00000000000000000010000000000000
00000000000000000010000000000000
00000000000000000010000000000000
00000000000000000010000000000000
00000000000000000010000000000000
00000000000000000010000000000000
00000000000000000011000000000000
00000000000000000001000000000000
00000000000000000001000000000000
00000000000000000001000000000000
00000000000000000001000000000000
00000000000000000000000000000000
00000000000000000000000000000000
00000000000000000000000000000000
00000000000000000000000000000000