5
00000000000000000000000000000000
00000000000000000000000000000000
00000000000000000000000000000000
00000000000000000000000000000000
00000001111111111111111111000000
00000011111111111111111111000000
00000011100000000000000000000000
00000011100000000000000000000000
00000011100000000000000000000000
00000011100000000000000000000000
00000011100000000000000000000000
00000011100000000000000000000000
00000011100000000000000000000000
00000011100000000000000000000000
00000001100000000000000000000000
00000001100111111111111000000000
00000001111111111111111100000000
00000001111111000000111110000000
00000001111000000000011110000000
00000000000000000000001110000000
00000000000000000000000110000000
00000000000000000000000110000000
00000000000000000000001110000000
00000000000000000000001110000000
00000000000000000000011110000000
00000111100000000000111100000000
00000111110000000011111100000000
00000111111110011111111000000000
00000001111111111111100000000000
00000000011111111110000000000000
00000000000000000000000000000000
00000000000000000000000000000000