4
00000000000000000000000000000000
00000000000000000000000000000000
00000000000000000000000000000000
00000000001100000100000000000000
00000000001100001110000000000000
00000000011100001110000000000000
00000000011100001110000000000000
00000000011100001110000000000000
00000000011100001110000000000000
00000000011100001110000000000000
00000000011100001110000000000000
00000000011100001110000000000000
00000000011100001110000000000000
00000000011100001110000000000000
00000000011100001110000000000000
00000000011111111110000000000000
00000000011111111110000000000000
00000000011111101100000000000000
00000000000000001100000000000000
00000000000000001100000000000000
00000000000000001110000000000000
00000000000000001110000000000000
00000000000000001110000000000000
00000000000000001110000000000000
00000000000000001110000000000000
00000000000000001110000000000000
00000000000000001100000000000000
00000000000000000000000000000000
00000000000000000000000000000000
00000000000000000000000000000000
00000000000000000000000000000000
00000000000000000000000000000000