0
00000000000000000000000000000000
00000000000000000000000000000000
00000000000000000000000000000000
00000000000000000000000000000000
00000000000000000000000000000000
00000000111110000000000000000000
00000001111111000000000000000000
00000011111111000000000000000000
00000111111111000000000000000000
00000111111111100000000000000000
00001111111111111111110000000000
00001111111111111111111111000000
00001110010000011111111111110000
00011100000000000000011111111000
00011100000000000000000011111100
00011100000000000000000001111100
00001100000000000000000000111100
00001100000000000000000000111100
00001110000000000000000001111100
00001111000000000000000001111000
00000111000000000000000011110000
00000111100000000000001111110000
00000011110000000001111111000000
00000001111100011111111110000000
00000001111111111111111000000000
00000000011111111110000000000000
00000000000000000000000000000000
00000000000000000000000000000000
00000000000000000000000000000000
00000000000000000000000000000000
00000000000000000000000000000000
00000000000000000000000000000000