8
00000000000000000000000000000000
00000000000000000000000000000000
00000000000000000000000000000000
00000000000111111111111000000000
00000000011111111111111100000000
00000000011111111111111100000000
00000000011111000000011100000000
00000000011100000000011110000000
00000000011100000000011110000000
00000000011100000000011110000000
00000000011100000000001110000000
00000000011110000000001110000000
00000000011111000000011110000000
00000000011111110001111110000000
00000000001111111011111110000000
00000000000111111111111100000000
00000000000001111111110000000000
00000000000011111111110000000000
00000000001111111111111000000000
00000000111111111111111000000000
00000001111111100001111000000000
00000011111110000000111000000000
00000011111000000000111000000000
00000011110000000000111000000000
00000011100000000001111000000000
00000011110000000001111000000000
00000011111110000011110000000000
00000011111111111111110000000000
00000001111111111111110000000000
00000000001111111111100000000000
00000000000000000000000000000000
00000000000000000000000000000000