6
00000000000000000000000000000000
00000000000000000000000000000000
00000000000001111111000000000000
00000000001111000001111100000000
00000000011000000000000110000000
00000000010000000000000011000000
00000001100000000000000000000000
00000001000000000000000000000000
00000010000000000000000000000000
00000110000000000000000000000000
00000100000000000000000000000000
00001100000000000000000000000000
00001000000000000111000000000000
00001000000111111101111000000000
00010000111100000000001110000000
00010111100000000000000010000000
00111100000000000000000011000000
00100000000000000000000001000000
00100000000000000000000001000000
01100000000000000000000001000000
01000000000000000000000001000000
01000000000000000000000011000000
01100000000000000000000110000000
00100000000000000000001100000000
00100000000000000000011000000000
00110000000000000000110000000000
00011000000000000001100000000000
00001111000011111111000000000000
00000001111110000000000000000000
00000000000000000000000000000000
00000000000000000000000000000000
00000000000000000000000000000000