2
00000000000000000000000000000000
00000000000000000000000000000000
00000000001111111000000000000000
00000000011000001100000000000000
00000000110000000100000000000000
00000000100000000100000000000000
00000001100000000110000000000000
00000001000000000110000000000000
00000000000000000110000000000000
00000000000000000110000000000000
00000000000000001100000000000000
00000000000000011000000000000000
00000000000000110000000000000000
00000000000001000000000000000000
00000000000001000000000000000000
00000000000010000000000000000000
00000000000010000000000000000000
00000000000110000000000000000000
00000000000110000000000000000000
00000000001100000000000000000000
00000000001100000000000000000000
00000000001100000000000000000000
00000000001100000000000000000000
00000000001000000000000000000000
00000000001000000000000000000000
00000000001000000000000000000000
00000000001000000000000000000000
00000000011000000000000000000000
00000000011000000000000000000000
00000000011111111111100000000000
00000000000000000001111100000000
00000000000000000000000100000000