1
00000000000000000100000000000000
00000000000000000000000000000000
00000000000000000000000000000000
00000000000001000100000000000000
00000000000000001100000000000000
00000000000000011110000000000000
00000000000000011111000000000000
00000000000000111111001000000000
00000000000001110111000000000000
00000000000000110011000000000000
00000000010100110011000000000000
00000000010001100011010000000000
00000000000001100011000000000000
00000000000011000001100000000000
00000000000111000001100000000000
00000000000110000001100000000000
00000000001100000101100000000000
00000000001100100001100000000000
00000000011000100001100000000000
00000000010000000001100000000000
00000000000100010001100000000000
00000000000000000101110000000000
00000000001000000001110000000000
00000000000000000001110000000000
00000000000000000001110000000000
00000000000000000000000000000000
00000000000000000000000000000000
00000000000000000000000000000000
00000000000000000000000000000000
00000000000000000000000000000000
00000000000000000000000000000000
00000000000000000000000000000000