2
00000000000000000000000000000000
00000000000000000000000000000000
00000000000000000000000000000000
00000000000000000000000000000000
00000000000000000000000000000000
00000000000000000000000000000000
00000000000001111110000000000000
00000000000011000011000000000000
00000000000110000000100000000000
00000000000100000000100000000000
00000000000100000000100000000000
00000000000100000000100000000000
00000000000000000000100000000000
00000000000000000000100000000000
00000000000000000000100000000000
00000000000000000000100000000000
00000000000000000000100000000000
00000000111111110001100000000000
00000001100000011111000000000000
00000010000000000110000000000000
00000010000000001101100000000000
00000010000000111000111000000000
00000010000001100000001111000000
00000001000110000000000001111000
00000001111100000000000000000000
00000000000000000000000000000000
00000000000000000000000000000000
00000000000000000000000000000000
00000000000000000000000000000000
00000000000000000000000000000000
00000000000000000000000000000000
00000000000000000000000000000000