5
00000000000000000000000000000000
00000000000000000000000000000000
00000000000000000000000000000000
00000000000000000000000000000000
00000000000000000000000000000000
00000000000000000000000000000000
00000000000000000000000000000000
00000000000000000000000000000000
00000001111111111111111111000000
00000001111111111111111111000000
00000001111111111111111111000000
00000001110000000000000000000000
00000001110000000000000000000000
00000001110000000000000000000000
00000001111111111111111111111000
00000001111111111111111111111000
00000001111111111111111111111000
00000000000000000000000000111000
00000000000000000000000000111000
00000000000000000000000000111000
00000000000000000000000000111000
00000000000000000000000000111000
00000000000000000000000011111000
00000000000000000000000011111000
00000001110000000000000011111000
00000001111111111111111111100000
00000001111111111111111111100000
00000001111111111111111111100000
00000000000000000000000000000000
00000000000000000000000000000000
00000000000000000000000000000000
00000000000000000000000000000000