8
00000000000000000000000000000000
00000000000000000000000000000000
00000000000000000000000000000000
00000000000000000000000000000000
00000000000000000000000000000000
00000000001111111000000000000000
00000000111000001110000000000000
00000000100000000011000000000000
00000001000000000001000000000000
00000001000000000001000000000000
00000001100000000011000000000000
00000000110000000010000000000000
00000000011000000110000000000000
00000000001110001100000000000000
00000000000011111000000000000000
00000000000000111000000000000000
00000000000001101110000000000000
00000000000011000011000000000000
00000000000110000001100000000000
00000000000100000000110000000000
00000000001100000000010000000000
00000000001000000000010000000000
00000000001000000000010000000000
00000000001000000000010000000000
00000000001000000000110000000000
00000000001100000000100000000000
00000000000111111111100000000000
00000000000000000000000000000000
00000000000000000000000000000000
00000000000000000000000000000000
00000000000000000000000000000000
00000000000000000000000000000000