3
00000000000000000000000000000000
00000000000000000000000000000000
00000000000000000000000011100000
00000001111111111111111110100000
00000000000000000000000001100000
00000000000000000000000011000000
00000000000000000000001110000000
00000000000000000000001100000000
00000000000000000000111000000000
00000000000000000001100000000000
00000000000000000111000000000000
00000000000000001100000000000000
00000000000000111000000000000000
00000000000011100000000000000000
00000000000111110000000000000000
00000000000100111100000000000000
00000000000000000110000000000000
00000000000000000011100000000000
00000000000000000001100000000000
00000000000000000000110000000000
00000000000000000000011000000000
00000000000000000000001000000000
00000000000000000000001000000000
00000000000000000000001000000000
00000000000000000000001000000000
00000000000000000000001000000000
00000000000000000000011000000000
00000000100000000000010000000000
00000000110000000000110000000000
00000000011000000011100010000000
00000000001111111111000000000000
00000000000000000000000000000000