8
00000000000000000000000000000000
00000000000000000000000000000000
00000000000000000000000000000000
00000000000000000000000000000000
00000000000111111100000000000000
00000000011100000110000000000000
00000000110000000011000000000000
00000000100000000001000000000000
00000000100000000011000000000000
00000000110000000010000000000000
00000000010000000110000000000000
00000000011000001100000000000000
00000000001000111000000000000000
00000000001101100000000000000000
00000000000111000000000000000000
00000000001111000000000000000000
00000000111001100000000000000000
00000001100000110000000000000000
00000001000000011100000000000000
00000011000000000110000000000000
00000010000000000010000000000000
00000010000000000001000000000000
00000011000000000001000000000000
00000001100000000001000000000000
00000000111100000001000000000000
00000000000111111111000000000000
00000000000000000000000000000000
00000000000000000000000000000000
00000000000000000000000000000000
00000000000000000000000000000000
00000000000000000000000000000000
00000000000000000000000000000000