6
00000000000000000000000000000000
00000000000000000000000000000000
00000000000000000000000000000000
00000000000000000000000000000000
00000000000001110000000000000000
00000000000111110000000000000000
00000000001111110000000000000000
00000000011111110000000000000000
00000000111111000000000000000000
00000001111110000000000000000000
00000011111100000000000000000000
00000111111000000000000000000000
00000111110000000000000000000000
00000111100000000000000000000000
00000111000000000000000000000000
00000111000000000000000000000000
00000111111111111000000000000000
00000111111111111110000000000000
00000111111111111111100000000000
00000111111100111111100000000000
00000111110000001111100000000000
00000011110000000011100000000000
00000011111000000111100000000000
00000001111111111111100000000000
00000000111111111111100000000000
00000000011111111111000000000000
00000000000000000000000000000000
00000000000000000000000000000000
00000000000000000000000000000000
00000000000000000000000000000000
00000000000000000000000000000000
00000000000000000000000000000000