9
00000000000000000000000000000000
00000000000000000000000000000000
00000000000000000000000000000000
00000000000111100000000000000000
00000000001100111111000000000000
00000000001000000001100000000000
00000000011000000000100000000000
00000000010000000000100000000000
00000000110000000000100000000000
00000000100000000000100000000000
00000000100000000000100000000000
00000000100000000000100000000000
00000000100000000000100000000000
00000000100000000001100000000000
00000000110000000001100000000000
00000000011100000011100000000000
00000000000111111110100000000000
00000000000000000000100000000000
00000000000000000000100000000000
00000000000000000000100000000000
00000000000000000000100000000000
00000000000000000000100000000000
00000000000000000000100000000000
00000000000000000000100000000000
00000000000000000000100000000000
00000000000000000000100000000000
00000000000000000000100000000000
00000000000000000000100000000000
00000000000000000000100000000000
00000000000000000000000000000000
00000000000000000000000000000000
00000000000000000000000000000000