6
00000000000000000000000000000000
00000000000000000000000000000000
00000000000000010000000000000000
00000000000000111000000000000000
00000000000001111000000000000000
00000000000001110000000000000000
00000000000011100000000000000000
00000000000011100000000000000000
00000000000111000000000000000000
00000000000111000000000000000000
00000000001110000000000000000000
00000000001110000000000000000000
00000000001110000000000000000000
00000000011100000000000000000000
00000000011100000000000000000000
00000000011100000000000000000000
00000000011000000000000000000000
00000000011000000111000000000000
00000000111000111111110000000000
00000000111011111111111000000000
00000000011111110000111000000000
00000000011111000000011100000000
00000000011100000000111000000000
00000000111100000000111000000000
00000000111100000001111000000000
00000000111110000111110000000000
00000000111111111111100000000000
00000000011111111110000000000000
00000000011101111000000000000000
00000000000000000000000000000000
00000000000000000000000000000000
00000000000000000000000000000000