3
00000000000000000000000000000000
00000000000000000000000000000000
00000000111111111000000000000000
00000011100000001100000000000000
00000000000000000100000000000000
00000000000000000100000000000000
00000000000000000100000000000000
00000000000000000100000000000000
00000000000000000100000000000000
00000000000000000100000000000000
00000000000000001100000000000000
00000000000000011000000000000000
00000000000000110000000000000000
00000000000111000000000000000000
00000000011111111000000000000000
00000000000000011110000000000000
00000000000000000011000000000000
00000000000000000001000000000000
00000000000000000001100000000000
00000000000000000001100000000000
00000000000000000001100000000000
00000000000000000001100000000000
00000000000000000001100000000000
00000000000000000001100000000000
00000000000000000001000000000000
00000011000000000110000000000000
00000011111111111100000000000000
00000000011111100000000000000000
00000000000000000000000000000000
00000000000000000000000000000000
00000000000000000000000000000000
00000000000000000000000000000000