9
00000000000000000000000000000000
00000000000001111110000000000000
00000000000011111110000000000000
00000000000111111100000000000000
00000000001110000000000000000000
00000000011100001110000000000000
00000000011100001110000000000000
00000000011000001110000000000000
00000000011000001110000000000000
00000000111000001110000000000000
00000000111000011110000000000000
00000000111000011110000000000000
00000000111000111110000000000000
00000000011001111110000000000000
00000000011101110110000000000000
00000000001111100110000000000000
00000000001111001110000000000000
00000000000000001110000000000000
00000000000000001110000000000000
00000000000000001110000000000000
00000000000000001100000000000000
00000000000000001100000000000000
00000000000000001100000000000000
00000000000000001100000000000000
00000000000000001100000000000000
00000000000000001100000000000000
00000000000000001100000000000000
00000000000000001100000000000000
00000000000000011100000000000000
00000000000000000000000000000000
00000000000000000000000000000000
00000000000000000000000000000000