5
00000000000000000000000000000000
00000000000000000000000000000000
00000000000000000000000000000000
00000000000000000000000000000000
00000000000000000000000000000000
00000000000000000000000000000000
00000000000001111111111000000000
00000000000011111111100000000000
00000000000011000000000000000000
00000000000011000000000000000000
00000000000011000000000000000000
00000000000011111111000000000000
00000000000011111111100000000000
00000000000011000001110000000000
00000000000000000000111000000000
00000000000000000000011000000000
00000000000000000000011000000000
00000000000000000000001000000000
00000000000000000000001000000000
00000000000000000000011000000000
00000000000000000000011000000000
00000000110000000011111000000000
00000001111111111111110000000000
00000000000111111100000000000000
00000000000000000000000000000000
00000000000000000000000000000000
00000000000000000000000000000000
00000000000000000000000000000000
00000000000000000000000000000000
00000000000000000000000000000000
00000000000000000000000000000000
00000000000000000000000000000000