9
00000000000000000000000000000000
00000000000000000000000000000000
00000000000000000000000000000000
00000000000000111111000000000000
00000000000111000001110000000000
00000000001100000000011000000000
00000000011000000000001100000000
00000000010000000000001100000000
00000000100000000000000100000000
00000000100000000000000100000000
00000000100000000000001100000000
00000000010000000000001010000000
00000000010000000000001010000000
00000000001000000000010010000000
00000000000111000000100010000000
00000000000000111111000010000000
00000000000000000000000010000000
00000000000000000000000100000000
00000000000000000000000100000000
00000000000000000000000100000000
00000001100000000000000100000000
00000000100000000000001100000000
00000000010000000000001000000000
00000000010000000000011000000000
00000000001000000001110000000000
00000000001100000011000000000000
00000000000011111100000000000000
00000000000000000000000000000000
00000000000000000000000000000000
00000000000000000000000000000000
00000000000000000000000000000000
00000000000000000000000000000000