5
00000000000000000000000000000000
00000000000000000000000000000000
00000000000000000000000000000000
00000000000000000000000000000000
00000000000000000000000000000000
00000000000000000000000000000000
00000000001111111111111111110000
00000001111111111111111111110000
00000001111111111111111111110000
00000001111110000000000000000000
00000001110000000000000000000000
00000001110000000000000000000000
00000001110000000000000000000000
00000001111111110000000000000000
00000001111111111111100000000000
00000001111111111111111000000000
00000001111101111111111110000000
00000000000000000011111111000000
00000000000000000000111111000000
00000000000000000000001111100000
00000000000000000000000111100000
00000000000000000000000111100000
00000000000000000000000011100000
00000000001110000000000111100000
00000000001110000000001111100000
00000000001111111111111111100000
00000000001111111111111111000000
00000000001111111111111110000000
00000000000000111110000000000000
00000000000000000000000000000000
00000000000000000000000000000000
00000000000000000000000000000000