9
00000000000000000000000000000000
00000000000000000000000000000000
00000000000011111111000000000000
00000000000111111111110000000000
00000000001111111111110000000000
00000000011111100011111000000000
00000000111111000011111000000000
00000001111100000001111000000000
00000001111000000001111000000000
00000001111000000001111000000000
00000001110000000001111000000000
00000001110000000011111100000000
00000001111000000111111100000000
00000001111000000111111100000000
00000001111100001111111100000000
00000000111110011111011100000000
00000000111111111110011100000000
00000000011111111100011100000000
00000000001111111000011100000000
00000000000000000000011100000000
00000000000000000000011100000000
00000000000000000000111100000000
00000000000000000000111100000000
00000000000000000000111100000000
00000000000000000001111000000000
00000000000000000011111000000000
00000000001111111111111000000000
00000000001111111111110000000000
00000000001111111111100000000000
00000000000011111000000000000000
00000000000000000000000000000000
00000000000000000000000000000000