0
00000000000000000000000000000000
00000000000000000000000000000000
00000000000000000000000000000000
00000000000000000000000000000000
00000000000000000000000000000000
00000000000000000000000000000000
00000000000000000000000000000000
00000000000001111110000000000000
00000000000011111011000000000000
00000000000000100000100000000000
00000000000011000000110000000000
00000000000110000000010000000000
00000000000100000000010000000000
00000000000100000000010000000000
00000000001000000000010000000000
00000000001000000000010000000000
00000000001000000000010000000000
00000000001000000000010000000000
00000000001100000000110000000000
00000000000110000000100000000000
00000000000011100000100000000000
00000000000000111111000000000000
00000000000000000000000000000000
00000000000000000000000000000000
00000000000000000000000000000000
00000000000000000000000000000000
00000000000000000000000000000000
00000000000000000000000000000000
00000000000000000000000000000000
00000000000000000000000000000000
00000000000000000000000000000000
00000000000000000000000000000000