6
00000000000000000000000000000000
00000000000000000000000000000000
00000000000000000000000000000000
00000000000000000000000000000000
00000000000111111111000000000000
00000000001111111111100000000000
00000000001111000111110000000000
00000000011110000011110000000000
00000000011100000001110000000000
00000000111100000000000000000000
00000000111000000000000000000000
00000000111000000000000000000000
00000001110000000000000000000000
00000001110000000000000000000000
00000001110000000000000000000000
00000001100001111000000000000000
00000001100111111110000000000000
00000001101111111111000000000000
00000001111111001111100000000000
00000001111110000111100000000000
00000001111100000011110000000000
00000000111000000001110000000000
00000000111110000001110000000000
00000000011111000001110000000000
00000000001111100011110000000000
00000000000111111111110000000000
00000000000011111111100000000000
00000000000000111111000000000000
00000000000000000000000000000000
00000000000000000000000000000000
00000000000000000000000000000000
00000000000000000000000000000000