0
00000000000000000000000000000000
00000000000000000000000000000000
00000000000000000000000000000000
00000000000000000000000000000000
00000000000000000000000000000000
00000000000000000000000000000000
00000000000111111111100000000000
00000000011100000001110000000000
00000000110000000000001100000000
00000001100000000000000110000000
00000001100000000000001110000000
00000001000000000000011111000000
00000001000000000000010001000000
00000011000000000001110001100000
00000010000000000011000001100000
00000011000000000010000000100000
00000001000000000110000000100000
00000001000000001100000000100000
00000001100000011000000001100000
00000000100000110000000001100000
00000000100001100000000001000000
00000000110011000000000001000000
00000000010010000000000011000000
00000000011110000000000010000000
00000000001110000000000110000000
00000000000111000000001100000000
00000000000001110000111000000000
00000000000000011111110000000000
00000000000000000000000000000000
00000000000000000000000000000000
00000000000000000000000000000000
00000000000000000000000000000000