0
00000000000000000000000000000000
00000000000000000000000000000000
00000000000000000000000000000000
00000000000000000000000000000000
00000000000000000000000000000000
00000000000111100000000000000000
00000000001111110000000000000000
00000000011111111110000000000000
00000000011111111111100000000000
00000000011111111111110000000000
00000000111100001111111000000000
00000000111100000011111000000000
00000001111100000000111000000000
00000001111000000000111000000000
00000001111000000000111000000000
00000011110000000000111000000000
00000011110000000000111000000000
00000011110000000000111000000000
00000011100000000000111000000000
00000011100000000000111000000000
00000011100000000000111000000000
00000011100000000000111000000000
00000011100000000001111000000000
00000011110000000001111000000000
00000011111110000011111000000000
00000011111111111111110000000000
00000000111111111111100000000000
00000000000111111111000000000000
00000000000000000000000000000000
00000000000000000000000000000000
00000000000000000000000000000000
00000000000000000000000000000000