8
00000000000000000000000000000000
00000000000000000000000000000000
00000000000000000000000000000000
00000000000000000000000000000000
00000000000000000000000000000000
00000000000000000000000000000000
00000000000000000000000000000000
00000000000000011111111100000000
00000000000001000000000100000000
00000000000001000000000100000000
00000000000001000000000100000000
00000000000001000000000100000000
00000000000001000000000100000000
00000000000001000000000100000000
00000000000001000000000100000000
00000000000000100000011000000000
00000000000000101111110000000000
00000000000000111000000000000000
00000000000001111000000000000000
00000000000011001000000000000000
00000000000010000100000000000000
00000000000100000100000000000000
00000000000100000010000000000000
00000000000100000010000000000000
00000000000100000010000000000000
00000000000100000010000000000000
00000000000111000110000000000000
00000000000001110100000000000000
00000000000000001100000000000000
00000000000000000000000000000000
00000000000000000000000000000000
00000000000000000000000000000000