2
00000000000000000000000000000000
00000000000000000000000000000000
00000000000000000000000000000000
00000000000000000000000000000000
00000000011111000000000000000000
00000000111001100000000000000000
00000000110000110000000000000000
00000001100000010000000000000000
00000001000000010000000000000000
00000011000000110000000000000000
00000010000001110000000000000000
00000000000001100000000000000000
00000000000011000000000000000000
00000000000110000000000000000000
00000000001110000000000000000000
00000000011100000000000000000000
00000000110000000000000000000000
00000000110000000000000000000000
00000001100000000000000000000000
00000011000000111111111000000000
00000010111111110001110000000000
00000011110000000000000000000000
00000000000000000000000000000000
00000000000000000000000000000000
00000000000000000000000000000000
00000000000000000000000000000000
00000000000000000000000000000000
00000000000000000000000000000000
00000000000000000000000000000000
00000000000000000000000000000000
00000000000000000000000000000000
00000000000000000000000000000000