6
00000000000000000000000000000000
00000000000000000000000000000000
00000000000000000000000000000000
00000000000000000000000000000000
00000000000000001100000000000000
00000000000000111110000000000000
00000000000011111110000000000000
00000000000111000000000000000000
00000010011100000000000000000000
00000000111000000000000000000000
00000001110000000000000000000000
00000001110000000000000000000000
00000011000000000000000000000000
00000011011000000000000000000000
00000011000000000000000000000000
10000011001111111111000000000000
00000111111111111111111000000000
00000011100000000101111000000000
00010011100000001000011000000000
00000011000001000001011000000000
00000111000000000100110100000000
00000011100000010010110000000000
00000001110011000001011100000000
00000000111100011111000000000000
00000000011111111000000000000000
00000000000000000000000000000000
00000000000000000000000000000000
00000000000000000000000000000000
00000000000000000000000000000000
00000000000000000000000000000000
00000000000000000000000000000000
00000000000000000000000000000000