6
00000000000000000000000000000000
00000000000000000000000000000000
00000000000000000000000000000000
00000000000000000000000000000000
00000000000000000000000000000000
00000000000000000000000000000000
00000000000000001100000000000000
00000000000111111110000000000000
00000000011111100000000000000000
00000000111100000000000000000000
00000001110000000000000000000000
00000011100000000000000000000000
00000111000000000000000000000000
00001110000000000000000000000000
00001100000000000000000000000000
00001100000000000000011110000000
00011000000000000001111111100000
00011000000000000111100001100000
00011100000000001111000000100000
00001110000000001100000001100000
00000111000000011100000001100000
00000011100000011000000011100000
00000001111000011000001111000000
00000000111111011000111110000000
00000000001111111111111000000000
00000000000000011111100000000000
00000000000000000000000000000000
00000000000000000000000000000000
00000000000000000000000000000000
00000000000000000000000000000000
00000000000000000000000000000000
00000000000000000000000000000000