8
00000000000000000001000000000000
00000000000000000100000000000000
00000000100000000000000000000000
00000000000000000001100000000000
00000000000000000000000100000000
00000000000000010111111000000000
00000000000011111110001000000000
00000000011111111101000000000000
00001000111000111001000000000000
00000011100000011111000100000000
00000111000001011000000000000000
01001110000000011100000000000000
01000111100000110100000100000000
00010011111111110100000000000000
10000000000011111111100000000000
00000100010011100111100000000000
00000000000111000000110000000000
00000000000011000101111000000000
00000000000110100000011100000000
00000000010110001000101100000000
00000000001100000100001100000000
00000000001101000100001100000000
00000000001100001000111000000000
00000000001110000010011000000000
00000000011100100001110000000000
00000000001110000111100100000000
00000000100111111111000000000000
00000000010001111000000000000000
00000000101000010000000000000000
00000000000000000000000000000000
00000000011000000000000000000000
00000000000000000000000000000000