4
00000000000000000000000000000000
00000000000000000000000000000000
00000000000000000000000000000000
00000001000000000000000000000000
00000001000000000000000000000000
00000001000000000100000000000000
00000001000000000100000000000000
00000001000000000100000000000000
00000001000000000100000000000000
00000001000000000100000000000000
00000001000000000100000000000000
00000001000000000100000000000000
00000001000000000100000000000000
00000001000000000100000000000000
00000001000000000100000000000000
00000001000000000100000000000000
00000001000000000100111110000000
00000001111111111111110000000000
00000000000000000100000000000000
00000000000000000100000000000000
00000000000000000100000000000000
00000000000000000100000000000000
00000000000000000100000000000000
00000000000000000100000000000000
00000000000000000100000000000000
00000000000000001100000000000000
00000000000000000000000000000000
00000000000000000000000000000000
00000000000000000000000000000000
00000000000000000000000000000000
00000000000000000000000000000000
00000000000000000000000000000000