1
00000000000000000000000000000000
00000000000000000000000000000000
00000000000000001110000000000000
00000000000000011110000000000000
00000000000000111110000000000000
00000000000001111110000000000000
00000000000011111110000000000000
00000000000011111110000000000000
00000000000111101110000000000000
00000000001111101111000000000000
00000000001111101111000000000000
00000000001110001111000000000000
00000000011110000111000000000000
00000000011110000111000000000000
00000000011110000111100000000000
00000000011100000111100000000000
00000000011100000111110000000000
00000000011100000011110000000000
00000000000000000011110000000000
00000000000000000001110000000000
00000000000000000001110000000000
00000000000000000001110000000000
00000000000000000001110000000000
00000000000000000001110000000000
00000000000000000001110000000000
00000000000000000001110000000000
00000000000000000001110000000000
00000000000000000001110000000000
00000000000000000001110000000000
00000000000000000000000000000000
00000000000000000000000000000000
00000000000000000000000000000000