2
00000000000000000000000000000000
00000000000000000000000000000000
00000000111111100000000000000000
00000001111111110000000000000000
00000001111111111000000000000000
00000001111101111100000000000000
00000001111000111100000000000000
00000001110000011110000000000000
00000001110000001110000000000000
00000001110000001110000000000000
00000000110000000111000000000000
00000000000000000111000000000000
00000000000000000111000000000000
00000000000000000011100000000000
00000000000000000011100000000000
00000000000000000011100000000000
00000000000000000011100000000000
00000000000000000011100000000000
00000000000000000011100000000000
00000000000000000111100000000000
00000000011111111111100000000000
00000000011111111111100000000000
00000000111100011111110000000000
00000001111000001111111000000000
00000001110000001111111100000000
00000001100000011111111111000000
00000001110000111100111111000000
00000001111111111000001111000000
00000000111111100000000000000000
00000000011100000000000000000000
00000000000000000000000000000000
00000000000000000000000000000000