4
00000000000000000000000000000000
00000000000000000000001100000000
00011000000000000000001100000000
00011100000000000000011100000000
00011100000000000000011100000000
00011100000000000000011100000000
00011100000000000000011100000000
00001110000000000000011100000000
00001110000000000000011100000000
00001110000000000000011100000000
00001110000000000000011100000000
00000110000000000000011100000000
00000111000000000000011100000000
00000111000000000000111111000000
00000111111111111111111111111100
00000011111111111111111111111100
00000011111111111111111100011000
00000000000000000000011100000000
00000000000000000000011100000000
00000000000000000000011100000000
00000000000000000000011100000000
00000000000000000000011100000000
00000000000000000000011100000000
00000000000000000000011100000000
00000000000000000000011110000000
00000000000000000000011110000000
00000000000000000000001110000000
00000000000000000000001110000000
00000000000000000000000000000000
00000000000000000000000000000000
00000000000000000000000000000000
00000000000000000000000000000000