4
00000000000000000000000000000000
00000000000000000000000000000000
00000000000000000000000000000000
00000000000000000000000000000000
00000010000000100000000000000000
00000010000000110000000000000000
00000010000000010000000000000000
00000010000000010000000000000000
00000010000000010000000000000000
00000010000000010000000000000000
00000010000000010000000000000000
00000010000000110000000000000000
00000010000000100000000000000000
00000010000000100000000000000000
00000010000000100000000000000000
00000010111111111000000000000000
00000011100000100111111000000000
00000000000000100000000000000000
00000000000000100000000000000000
00000000000000100000000000000000
00000000000000100000000000000000
00000000000000100000000000000000
00000000000000100000000000000000
00000000000000100000000000000000
00000000000000100000000000000000
00000000000000110000000000000000
00000000000000000000000000000000
00000000000000000000000000000000
00000000000000000000000000000000
00000000000000000000000000000000
00000000000000000000000000000000
00000000000000000000000000000000