6
00000000000000000000000000000000
00000000000000000000000000000000
00000000000000000000000000000000
00000000000000000000000000000000
00000000000000000000000000000000
00000000000000000110000000000000
00000000000000011100000000000000
00000000000000111000000000000000
00000000000011100000000000000000
00000000000111000000000000000000
00000000001110000000000000000000
00000000011000000000000000000000
00000000110000000000000000000000
00000000110000000000000000000000
00000000100000000000000000000000
00000001111100000000000000000000
00000001001111110000000000000000
00000001000000011100000000000000
00000001000000000110000000000000
00000001000000000011100000000000
00000001000000000001100000000000
00000001000000000000110000000000
00000001000000000000110000000000
00000001000000000000010000000000
00000001000000000000110000000000
00000001000000000001100000000000
00000001100000000111000000000000
00000000111001111100000000000000
00000000001111100000000000000000
00000000000000000000000000000000
00000000000000000000000000000000
00000000000000000000000000000000