0
00000000000000000000000000000000
00000000000000000000000000000000
00000000000000000000000000000000
00000000000000000000000000000000
00000000001111111000000000000000
00000001111000001110000000000000
00000111000000000011100000000000
00001100000000000000111000000000
00011000000000000000001100000000
00010000000000000000000110000000
00010000000000000000000010000000
00010000000000000000000010000000
00010000000000000000000001000000
00010000000000000000000001000000
00010000000000000000000001000000
00011000000000000000000001000000
00001000000000000000000001000000
00000110000000000000000001000000
00000011000000000000000001000000
00000001110000000000000110000000
00000000011100000000011100000000
00000000000111101111110000000000
00000000000000111000000000000000
00000000000000000000000000000000
00000000000000000000000000000000
00000000000000000000000000000000
00000000000000000000000000000000
00000000000000000000000000000000
00000000000000000000000000000000
00000000000000000000000000000000
00000000000000000000000000000000
00000000000000000000000000000000