8
00000000000000000000000000000000
00000000000000001100000000000000
00000000000000011110000000000000
00000000000001111111000000000000
00000000000011110011000000000000
00000000000111000011100000000000
00000000001110000001100000000000
00000000011100000001100000000000
00000000111000000001110000000000
00000000110000000000110000000000
00000001110000000000110000000000
00000001100000000000110000000000
00000001100000000000110000000000
00000001100000000000110000000000
00000001100000000000110000000000
00000001100000000000110000000000
00000001110000000000110000000000
00000000111100000001110000000000
00000000011111111111100000000000
00000000000111111111111000000000
00000000000001110000111100000000
00000000000011100000001110000000
00000000000111000000000111000000
00000000000110000000000011000000
00000000000110000000000011000000
00000000000110000000000111000000
00000000000110000000001110000000
00000000000111000000011100000000
00000000000011111111111100000000
00000000000011111111110000000000
00000000000000000000000000000000
00000000000000000000000000000000