8
00000000000000000000000000000000
00000000000000000000000000000000
00000000000001111111111000000000
00000000000111111111111110000000
00000000001111111111111110000000
00000000011111100000111111000000
00000000111111000000001111000000
00000000111110000000001111000000
00000000111100000000000111000000
00000000111000000000001111000000
00000000111000000000001111000000
00000000111111100000011110000000
00000000111111111000011110000000
00000000111111111100111100000000
00000000000011111111111100000000
00000000000000111111111000000000
00000000000001111111110000000000
00000000000111111111100000000000
00000000001111111111100000000000
00000000001111110011100000000000
00000000011111000011100000000000
00000000011110000011100000000000
00000000111100000011100000000000
00000000111100000111100000000000
00000000111100011111100000000000
00000000111111111111100000000000
00000000011111111111000000000000
00000000011111111100000000000000
00000000000000000000000000000000
00000000000000000000000000000000
00000000000000000000000000000000
00000000000000000000000000000000