0
00000000000000000000000000000000
00000000000000001100000000000000
00000000000000111110000000000000
00000000000001111111000000000000
00000000000001111111000000000000
00000000000011111111000000000000
00000000000111100011100000000000
00000000000111000011100000000000
00000000001110000001110000000000
00000000001110000001110000000000
00000000001110000000110000000000
00000000011100000000111000000000
00000000011100000000111000000000
00000000011100000000111000000000
00000000011000000000111000000000
00000000111000000000111000000000
00000000111000000000111000000000
00000000111000000000111000000000
00000000111000000000111000000000
00000000111000000001110000000000
00000000111000000001110000000000
00000000111000000011110000000000
00000000111000000011100000000000
00000000011100000111000000000000
00000000011100001111000000000000
00000000011110011110000000000000
00000000001111111100000000000000
00000000000111111000000000000000
00000000000011100000000000000000
00000000000000000000000000000000
00000000000000000000000000000000
00000000000000000000000000000000