9
00000000000000000000000000000000
00000000000000000000000000000000
00000000000000000000000000000000
00000000000000000000000000000000
00000000000000000000000000000000
00000000000001000000000000000000
00000000000011111100000000000000
00000000000110001110000000000000
00000000000110000011000000000000
00000000000100000001100000000000
00000000000100000000100000000000
00000000000100000000100000000000
00000000000100000000100000000000
00000000000100000000100000000000
00000000000110000000100000000000
00000000000011000001100000000000
00000000000001111111100000000000
00000000000000000000100000000000
00000000000000000000100000000000
00000000000000000000100000000000
00000000000000000000100000000000
00000000000000000000100000000000
00000000000000000000100000000000
00000000000000000000100000000000
00000000000000000000100000000000
00000000000000000000100000000000
00000000000000000000100000000000
00000000000000000000110000000000
00000000000000000000000000000000
00000000000000000000000000000000
00000000000000000000000000000000
00000000000000000000000000000000