3
00000000000000000000000000000000
00000000000000000000000000000000
00000000000000000000000000000000
00000000000000111100000000000000
00000000000011000110000000000000
00000000001110000001100000000000
00000000010000000000100000000000
00000000000000000000100000000000
00000000000000000000110000000000
00000000000000000000010000000000
00000000000000000000110000000000
00000000000000000000100000000000
00000000000000000001100000000000
00000000000001111111000000000000
00000000000001111111110000000000
00000000000000000000011100000000
00000000000000000000000100000000
00000000000000000000000110000000
00000000000000000000000010000000
00000000000000000000000010000000
00000000000000000000000010000000
00000000100000000000000010000000
00000000110000000000000110000000
00000000011000000000001100000000
00000000001111000000011000000000
00000000000000111111100000000000
00000000000000000000000000000000
00000000000000000000000000000000
00000000000000000000000000000000
00000000000000000000000000000000
00000000000000000000000000000000
00000000000000000000000000000000