3
00000000000000000000000000000000
00000000000000000000000000000000
00000000000000000000000000000000
00000000000000000000100000000000
00000000000000001111110000000000
00000000000001111111110000000000
00000000001111110001100000000000
00000001111110000011000000000000
00000011110000000011000000000000
00000011000000000111000000000000
00000000000000000110011100000000
00000000000000001111111111000000
00000000000000011111100011000000
00000000000000111100000001100000
00000000000000000000000001100000
00000000000000000000000001100000
00000000000000000000000001100000
00000000000000000000000001100000
00000000000000000000000001100000
00000000000000000000000001100000
00000000000000000000000001100000
00000000000000000000000011100000
00000000000000000000000111000000
00000000111000000000001110000000
00000000111110000000111100000000
00000000001111111111111000000000
00000000000011111111000000000000
00000000000000000000000000000000
00000000000000000000000000000000
00000000000000000000000000000000
00000000000000000000000000000000
00000000000000000000000000000000