6
00000000000000000000000000000000
00000000000000000000000000000000
00000000000000000000000000000000
00000000000000111000000000000000
00000000001111000000000000000000
00000000110000000000000000000000
00000001000000000000000000000000
00000010000000000000000000000000
00000110000000000000000000000000
00000100000000000000000000000000
00000100000000000000000000000000
00000100000000000000000000000000
00000100000000000000000000000000
00000100000000000000000000000000
00001000000000110000000000000000
00001000000111011100000000000000
00010000011000000011100000000000
00010001100000000000010000000000
00010010000000000000011000000000
00100110000000000000001000000000
00101100000000000000000100000000
00101000000000000000000100000000
00111000000000000000000100000000
00011000000000000000000100000000
00010000000000000000000100000000
00001000000000000000001000000000
00001000000000000000001000000000
00000111000000000000110000000000
00000000111000000001100000000000
00000000000111111110000000000000
00000000000000000000000000000000
00000000000000000000000000000000