4
00000000000000000000000000000000
00000000000000000000000000000000
00000000000000000000000000000000
00000000000000000000000000000000
00000000000000000000000000000000
00000100000000100000000000000000
00000100000000100000000000000000
00000100000000100000000000000000
00000100000000100000000000000000
00000100000000100000000000000000
00000100000000100000000000000000
00000100000000100000000000000000
00000100000000100000000000000000
00000100000000100000000000000000
00000100000000100000000000000000
00000111111111111111111100000000
00000000000000100000000000000000
00000000000000100000000000000000
00000000000000100000000000000000
00000000000000100000000000000000
00000000000000100000000000000000
00000000000000100000000000000000
00000000000000100000000000000000
00000000000000100000000000000000
00000000000000100000000000000000
00000000000000100000000000000000
00000000000000100000000000000000
00000000000000100000000000000000
00000000000000100000000000000000
00000000000000000000000000000000
00000000000000000000000000000000
00000000000000000000000000000000