8
00000000000000000000000000000000
00000000000000000000000000000000
00000000000000011000000000000000
00000000000001111100000000000000
00000000000011111111000000000000
00000000000111111111000000000000
00000000000111000011100000000000
00000000001110000011100000000000
00000000001110000011100000000000
00000000001100000011100000000000
00000000011100000111000000000000
00000000011100001111000000000000
00000000011100011110000000000000
00000000011111111111000000000000
00000000001111111111100000000000
00000000001111110011100000000000
00000000001110000001100000000000
00000000011100000001110000000000
00000000111100000001110000000000
00000000111000000001110000000000
00000000111000000001100000000000
00000000110000000011100000000000
00000000110000000111100000000000
00000000111000001111000000000000
00000000111100111110000000000000
00000000011111111100000000000000
00000000001111111000000000000000
00000000000111100000000000000000
00000000000000000000000000000000
00000000000000000000000000000000
00000000000000000000000000000000
00000000000000000000000000000000