8
00000000000000000000000000000000
00000000000000000000000000000000
00000000000000111100000000000000
00000000000111100111100000000000
00000000001100000000110000000000
00000000111000000000110000000000
00000000110000000000010000000000
00000001100000000000010000000000
00000001000000000000110000000000
00000001000000000000100000000000
00000001000000000000100000000000
00000001000000000001100000000000
00000001100000000001000000000000
00000000110001100011000000000000
00000000011100000110000000000000
00000000000111101100000000000000
00000000000000111001000000000000
00000000000011101110000000000000
00000000000110000011100000000000
00000000001100000000100000000000
00000000001000000000110001000000
00000000001000000000011000000000
00000000001000000000001000000000
00000000001000000000001000000000
00000000001000000000001100000000
00000000001000000000000100000000
00000000001000000000001100000000
00000000001000000000001000000000
00000000001100000000011000000000
00000000000111000011110000000000
00000000000001111110000000000000
00000000000000000000000000000000