4
00000000000000000000000000000000
00000000000000000000000000000000
00000000000000000000000000000000
00000000000000000000000000000000
00000000000000000000000000000000
00000000100000000001000000000000
00000000100000000001000000000000
00000000100000000001000000000000
00000000100000000011000000000000
00000000100000000011000000000000
00000000100000000001000000000000
00000000100000000001000000000000
00000000100000000001000000000000
00000000100000000001000000000000
00000000100000000001000000000000
00000000111111110011000000000000
00000000000000001111000000000000
00000000000000000001000000000000
00000000000000000001000000000000
00000000000000000001000000000000
00000000000000000001000000000000
00000000000000000001000000000000
00000000000000000001000000000000
00000000000000000001000000000000
00000000000000000001000000000000
00000000000000000001000000000000
00000000000000000001000000000000
00000000000000000000000000000000
00000000000000000000000000000000
00000000000000000000000000000000
00000000000000000000000000000000
00000000000000000000000000000000