8
00000000000000000000000000000000
00000000000000000000000000000000
00000000000000000000000000000000
00000000000000011000000000000000
00000000000001111100000000000000
00000000001111111111000000000000
00000000011111000111100000000000
00000000111000000001110000000000
00000000110000000000110000000000
00000000110000000000111000000000
00000000110000000000011000000000
00000000111000000000011000000000
00000000011000000000011000000000
00000000011110000000111000000000
00000000001111111100110000000000
00000000000011111111110000000000
00000000000000000111110000000000
00000000000000001111110000000000
00000000000000111110111000000000
00000000000001111000011100000000
00000000000011100000001100000000
00000000000011000000001110000000
00000000000111000000000110000000
00000000000110000000000110000000
00000000000111000000000110000000
00000000000011000000001110000000
00000000000011110000111100000000
00000000000011111111111000000000
00000000000000011111100000000000
00000000000000000000000000000000
00000000000000000000000000000000
00000000000000000000000000000000