5
00000000000000000001110000000000
00000000000000001111110000000000
00000000000001111111110000000000
00000000001111111111110000000000
00000000001111111100000000000000
00000000011111100000000000000000
00000000011110000000000000000000
00000000111110000000000000000000
00000000111100000000000000000000
00000000111000000000000000000000
00000000111100000000000000000000
00000000111111110000000000000000
00000000111111111111000000000000
00000000011111111111100000000000
00000000000001111111110000000000
00000000000000000011110000000000
00000000000000000011110000000000
00000000000000000001110000000000
00000000000000000011110000000000
10000000000000000011110000000000
11100000000000000111110000000000
11111000000000011111100000000000
11111111000000111111000000000000
11111111111111111110000000000000
00111111111111111000000000000000
00000111111111110000000000000000
00000000000000000000000000000000
00000000000000000000000000000000
00000000000000000000000000000000
00000000000000000000000000000000
00000000000000000000000000000000
00000000000000000000000000000000