0
00000000000000000000000000000000
00000000000000000000000000000000
00000000000000000000000000000000
00000000000000000000000000000000
00000000000000000000000000000000
00000000000000000000000000000000
00000000000111111000000000000000
00000000000001101110000000000000
00000000000011100011000000000000
00000000000110000001100000000000
00000000000100000000100000000000
00000000001000000000110000000000
00000000001000000000010000000000
00000000001000000000010000000000
00000000001000000000010000000000
00000000001000000000010000000000
00000000001000000000010000000000
00000000001100000000010000000000
00000000000100000000010000000000
00000000000111000000110000000000
00000000000001100001100000000000
00000000000000111111000000000000
00000000000000000000000000000000
00000000000000000000000000000000
00000000000000000000000000000000
00000000000000000000000000000000
00000000000000000000000000000000
00000000000000000000000000000000
00000000000000000000000000000000
00000000000000000000000000000000
00000000000000000000000000000000
00000000000000000000000000000000