6
00000000000000000000000000000000
00000000000000000000000000000000
00000000000000000000000000000000
00000000000000000000000000000000
00000000000000000000000000000000
00000000001110000000000000000000
00000000011111000000000000000000
00000000111100000000000000000000
00000000111000000000000000000000
00000000111000000000000000000000
00000001111000000000000000000000
00000001110000000000000000000000
00000001110000000000000000000000
00000000110000000000000000000000
00000000111000000000000000000000
00000000111000000000000000000000
00000000111000000010000000000000
00000000111000000111111110000000
00000000111000001111111110000000
00000000111100011111111111000000
00000000011111011111101111000000
00000000011111111111000111100000
00000000001111111111000111100000
00000000000111111111000011100000
00000000000011111111101111100000
00000000000001111111111111100000
00000000000001111111111111100000
00000000000000001111111111100000
00000000000000000011100000000000
00000000000000000000000000000000
00000000000000000000000000000000
00000000000000000000000000000000