5
00000000000000000000000000000000
00000001111111111111111111111000
00000001000000000000000000000000
00000001000000000000000000000000
00000001000000000000000000000000
00000001000000000000000000000000
00000001000000000000000000000000
00000001000000000000000000000000
00000001000000000000000000000000
00000001111111000000000000000000
00000001000001111111100000000000
00000000000000000000111111000000
00000000000000000000000001100000
00000000000000000000000000100000
00000000000000000000000000100000
00000000000000000000000000100000
00000000000000000000000000100000
00000000000000000000000000100000
00000000000000000000000001100000
00000000000000000000000001000000
00000000000000000000000010000000
00000110000000000000000110000000
00000100000000000000001100000000
00000100000000000000001000000000
00000100000000000000011000000000
00000100000000000000110000000000
00000100000000000001100000000000
00000110000000000011000000000000
00000011100000011110000000000000
00000000111111110000000000000000
00000000000000000000000000000000
00000000000000000000000000000000