5
00000000000000000000000000000000
00000000000000000000000000000000
00000000000000000000011000000000
00000000000000000111111100000000
00000000000001111111111000000000
00000000001111111111000000000000
00000000011111110000000000000000
00000000011100000000000000000000
00000000011100000000000000000000
00000000011100000000000000000000
00000000011100000000000000000000
00000000011100000000000000000000
00000000011111111110000000000000
00000000011111111111100000000000
00000000111111111111110000000000
00000000111100000001110000000000
00000000111000000001110000000000
00000000010000000001110000000000
00000000000000000001110000000000
00000000000000000011100000000000
00000000000000000011100000000000
00000000000000000111000000000000
00000000011100011111000000000000
00000000011111111110000000000000
00000000011111111000000000000000
00000000000011100000000000000000
00000000000000000000000000000000
00000000000000000000000000000000
00000000000000000000000000000000
00000000000000000000000000000000
00000000000000000000000000000000
00000000000000000000000000000000