7
00000000000000000000000000000000
00000000000000000000000000000000
00000000000000000000000000000000
00000000000000000000000000000000
00000000000000000000000000000000
00000111110000111111111111110000
00000000011111100000000000110000
00000000000000000000000001100000
00000000000000000000000011000000
00000000000000000000000010000000
00000000000000000000000110000000
00000000000000000000001100000000
00000000000000000000001000000000
00000000000000000000011000000000
00000000000000000000110000000000
00000000000000000000100000000000
00000000000000000001100000000000
00000000000000000011000000000000
00000000000000000010000000000000
00000000000000000110000000000000
00000000000000001100000000000000
00000000000000001000000000000000
00000000000000001000000000000000
00000000000000011000000000000000
00000000000000010000000000000000
00000000000000010000000000000000
00000000000000000000000000000000
00000000000000000000000000000000
00000000000000000000000000000000
00000000000000000000000000000000
00000000000000000000000000000000
00000000000000000000000000000000