6
00000000000000000000000000000000
00000000000000000000000000000000
00000000000000000000000000000000
00000000000000000000000000000000
00000000000000000000000000000000
00000000000000000000000000000000
00000000000000000000000011100000
00000000000000000000111111100000
00000000000000011111111110000000
00000000000001111111100000000000
00000000000111110000000000000000
00000000011111000000000000000000
00000000111100000000000000000000
00000001111000000000000000000000
00000011100000000000000000000000
00000111000000000000000000000000
00000110000000111000000000000000
00000110001111111111000000000000
00000111111111111111100000000000
00000111111100000001111000000000
00000111100000000000111100000000
00000011100000000000011100000000
00000001110000000000001100000000
00000000111000000000001100000000
00000000011100000001111100000000
00000000011110001111111000000000
00000000001111111111100000000000
00000000000000111100000000000000
00000000000000000000000000000000
00000000000000000000000000000000
00000000000000000000000000000000
00000000000000000000000000000000