6
00000000000000000000000000000000
00000000000000000000000000000000
00000000000000000000000000000000
00000000000000000000000000000000
00000000000000011110000000000000
00000000000001111100000000000000
00000000000111110000000000000000
00000000001111000000000000000000
00010000011100100000000000000000
00000000011000000000000000000000
00000000111000000000000000000000
00000001110100000000000000000000
00000001100100000000000000000000
00000011110010000000000000000000
00000011010001000000000000000000
01000011000000100000000000000000
00000011000100111111010000000000
00000011001011011111111000000000
00000011001110100000111000000000
00000011001100000000011100000000
00000011111001000001001111000000
00000001110010100000011111000000
00000001110000000011001110000000
00010100111010001000001100000000
00000000011100100001111000000000
00000000011111111111110000000000
00000000000111111110000000000000
00000000011000000000000000000000
00000000000000000000000000000000
00000000100000000000000000000000
00000000000000000000000000000000
00000000000000010000000000000000