3
00000000000000000000000000000000
00000000000000000000000000000000
00000000000000000000000000000000
00000000000000000000000000000000
00000000000000000000001000000000
00000000000000010000000000000000
00000000000001111111111100000000
00000000001111110000111100000000
01000000011100000000100111000000
00001000110000000010000111000000
00000011110000000000001110000000
00000011100000001000011100000000
00000000000000000001111000000000
00000000000000000011110000000000
01100001000000001111111110000000
00001000000000011100101111000000
00000000000000000000000001101000
00000000000000000000000011100000
00000000000000000000000001100000
00000000000000000000000001100000
00000000000000000000000011100000
00000000000000000000000011110000
00000001110000000000001110100000
00000011110000000000001100000100
00000011111000000011111100000000
00000000011111111111100000000000
00000000001101111100000000000000
00000000100001100000000000000000
00000000000000000000000000000000
00000000000000000000000000000000
00000000000000000000000000000000
00000000000000000000000000000000