8
00000000000000000000000000000000
00000000000000000000000000000000
00000000000000000000000000000000
00000000000000000000000000000000
00000000000000000000100000000000
00000000000000000111100000000000
00000000000001111111000000000000
00000000000111100011000000000000
00000000011110000011000000000000
00000000011000000110000000000000
00000000010000000110000000000000
00000000010000001100000000000000
00000000010000011000000000000000
00000000010000110000000000000000
00000000010000110000000000000000
00000000011001100000000000000000
00000000011101000000000000000000
00000000001111000000000000000000
00000000000111000000000000000000
00000000000011100000000000000000
00000000000011111000000000000000
00000000000110011110000000000000
00000000000110000111110000000000
00000000000100000000111000000000
00000000000100000000111000000000
00000000000100000111110000000000
00000000000111111110000000000000
00000000000110000000000000000000
00000000000000000000000000000000
00000000000000000000000000000000
00000000000000000000000000000000
00000000000000000000000000000000