7
00000000000000000000000000000000
00000000000000000000000000000000
00000000000000000000000000000000
00000000000000000000000000000000
00000000000000000000000000000000
00000000000000000001111000000000
00000000000000001111111000000000
00001111111111111111111100000000
00001111111111111111111000000000
00001111111111111111111000000000
00000111011101011001111000000000
00000000000000000000111000000000
00000000000000000000111000000000
00000000000000000000111000000000
00000000000000000000111000000000
00000000000000000000111000000000
00000000000000000000111000000000
00000000000000000000111000000000
00000000000000000000111000000000
00000000000000000000111000000000
00000000000000000000011000000000
00000000000000000000011000000000
00000000000000000000111000000000
00000000000000000000011100000000
00000000000000000000011100000000
00000000000000000000011100000000
00000000000000000000011100000000
00000000000000000000001100000000
00000000000000000000000000000000
00000000000000000000000000000000
00000000000000000000000000000000
00000000000000000000000000000000