9
00000000000000000000000000000000
00000000000000000000000000000000
00011111111111111110000000000000
00011111111111111111000000000000
00011111111111111111100000000000
01111100000000000111111000000000
01111100000000000011111000000000
01111100000000000011111000000000
01110000000000000011111000000000
01110000000000000011111000000000
01110000000000000011100000000000
01110000000000000011100000000000
01111000000000000011100000000000
01111111111111111111100000000000
00111111111111111111100000000000
00011111111111111111100000000000
00000000011111100011100000000000
00000000000000000011100000000000
00000000000000000011100000000000
00000000000000000011100000000000
00000000000000000011100000000000
00000000000000000011100000000000
00000000000000000011100000000000
00000000000000000011100000000000
00000000000000000011100000000000
00000000000000000011100000000000
00000000000000000011100000000000
00000000000000000011100000000000
00000000000000000011100000000000
00000000000000000011100000000000
00000000000000000000000000000000
00000000000000000000000000000000