1
00000000000000000000000000000000
00000000000000000000000000000000
00000000000000000000000000000000
00000000000000011000000000000000
00000000000000111100000000000000
00000000000000111100000000000000
00000000000001111100000000000000
00000000000011111100000000000000
00000000000111111100000000000000
00000000001111111100000000000000
00000000011111111100000000000000
00000000011111111100000000000000
00000000011110111100000000000000
00000000011110111100000000000000
00000000001100111100000000000000
00000000000000111100000000000000
00000000000000111100000000000000
00000000000000111100000000000000
00000000000000111100000000000000
00000000000000111100000000000000
00000000000000111100000000000000
00000000000000111100000000000000
00000000000111111111100000000000
00000000001111111111110000000000
00000000001111111111110000000000
00000000000111111111100000000000
00000000000000000000000000000000
00000000000000000000000000000000
00000000000000000000000000000000
00000000000000000000000000000000
00000000000000000000000000000000
00000000000000000000000000000000