9
00000000000000000000000000000000
00000000000000000000000000000000
00000000000000000000000000000000
00000000000011111111111000000000
00000000001110000000011000000000
00000000011000000000001000000000
00000000110000000000001000000000
00000000100000000000001000000000
00000000100000000000011000000000
00000000100000000000011000000000
00000001100000000000111000000000
00000001000000000000111000000000
00000001000000000000101000000000
00000001100001100001101000000000
00000000110000000011001000000000
00000000011111111110001000000000
00000000000000000001001000000000
00000000000000000000001000000000
00000000000000000000001000000000
00000000000000000000001000000000
00000000000000000000001001000000
00000000000000000000001000000000
00000000000000000000001000000000
00000000000000000000001000000000
00000000000000000000001000000000
00000000000000000000001000000000
00000000000000000000001000000000
00000000000000000000001000000000
00000000000000000000001000000000
00000000000000000000001000000000
00000000000000000000001000000000
00000000000000000000000000000000