5
00000000000000000000000000000000
00000000000000000000000000000000
00000000000000000000000000000000
00000000000000000000000000000000
00000000000000000000000000000000
00000001111111111111111110000000
00000001111111111111111110000000
00000001110000000000000000000000
00000001110000000000000000000000
00000001110000000000000000000000
00000001111000000000000000000000
00000000111000000000000000000000
00000000111000000000000000000000
00000000111000001111111000000000
00000000011000111111111100000000
00000000011101111111111110000000
00000000011111111000011110000000
00000000011111100000001111000000
00000000001111000000000111000000
00000000000000000000000111000000
00000000000000000000000111000000
00000000000000000000000111000000
00000000000000000000001111000000
00000000000000000000001110000000
00000001110000000000011110000000
00000001111000000000111110000000
00000001111100000001111100000000
00000000111110000111111000000000
00000000011111111111110000000000
00000000001111111111000000000000
00000000000000000000000000000000
00000000000000000000000000000000