1
00000000000000000000000000000000
00000000000000000000000000000000
00000000000000000000000000000000
00000000000001000000000000000000
00000000000011100000000000000000
00000000000111100000000000000000
00000000000111100000000000000000
00000000000001100000000000000000
00000000000001100000000000000000
00000000000001100000000000000000
00000000000001100000000000000000
00000000000001100000000000000000
00000000000001100000000000000000
00000000000001100000000000000000
00000000000001100000000000000000
00000000000001100000000000000000
00000000000001100000000000000000
00000000000001100000000000000000
00000000000001100000000000000000
00000000000001100000000000000000
00000000000001100000000000000000
00000000000001100000000000000000
00000000000001100000000000000000
00000000000001100000000000000000
00000000011111111110000000000000
00000000111111111111000000000000
00000000000000000000000000000000
00000000000000000000000000000000
00000000000000000000000000000000
00000000000000000000000000000000
00000000000000000000000000000000
00000000000000000000000000000000