1
00000000000000000000000000000000
00000000000000001111000000000000
00000000000000011111100000000000
00000000000000111111100000000000
00000000000000111111100000000000
00000000000000111111100000000000
00000000000001111011100000000000
00000000000011111011100000000000
00000000000011111011100000000000
00000000000011110011100000000000
00000000011111100011100000000000
00000000111111100011100000000000
00000001111111000011100000000000
00000001111100000011100000000000
00000001111000000011100000000000
00000000000000000011100000000000
00000000000000000011100000000000
00000000000000000011100000000000
00000000000000000011100000000000
00000000000000000011100000000000
00000000000000000011100000000000
00000000000000000011100000000000
00000000000000000011100000000000
00000000000000000011100000000000
00000000000000000011100000000000
00000000000000000011110000000000
00000000000000000011110000000000
00000000000000000011110000000000
00000000000000000001110000000000
00000000000000000001110000000000
00000000000000000000000000000000
00000000000000000000000000000000