0
00000000000000000000000000000000
00000000000000000000000000000000
00000000000000000000000000000000
00000000000000000000000000000000
00000000000000000000000000000000
00000000000000000000000000000000
00000000000000000000000000000000
00000000000000111110000000000000
00000000000001111111000000000000
00000000000011100011100000000000
00000000000111000001100000000000
00000000001110000001110000000000
00000000011100000000110000000000
00000000011000000000111000000000
00000000111000000000011000000000
00000000111000000000011000000000
00000000110000000000011000000000
00000000110000000000011000000000
00000000110000000000111000000000
00000000110000000000110000000000
00000000110000000000110000000000
00000000111000000001110000000000
00000000011000000011100000000000
00000000011100000111100000000000
00000000011111111111000000000000
00000000000111111100000000000000
00000000000000000000000000000000
00000000000000000000000000000000
00000000000000000000000000000000
00000000000000000000000000000000
00000000000000000000000000000000
00000000000000000000000000000000