2
00000000000000000000000000000000
00000000000000000000000000000000
00000000000000000000000000000000
00000000111111110000000000000000
00000001111111111100000000000000
00000001111111111110000000000000
00000011111000011111000000000000
00000011110000001111000000000000
00000011110000000111100000000000
00000001110000000011100000000000
00000000110000000001110000000000
00000000010000000001110000000000
00000000000000000000110000000000
00000000000000000000111000000000
00000000000000000000111000000000
00000000000000000001110000000000
00000000000000000000110000000000
00000000000000000000110000000000
00000000000000000001110000000000
00000000000000000001110000000000
00000000000000000011100000000000
00000000011111110111100000000000
00000000011111111111100000000000
00000000011011111111111000000000
00000000010001111111111110000000
00000000011011110111111110000000
00000000011111000001111100000000
00000000000000000000000000000000
00000000000000000000000000000000
00000000000000000000000000000000
00000000000000000000000000000000
00000000000000000000000000000000