6
00000000000000000000000000000000
00000000000000000000000000000000
00000000000001100000000000000000
00000000000111110000000000000000
00000000001111000000000000000000
00000000011100000000000000000000
00000000011000000000000000000000
00000000111000000000000000000000
00000000110000000000000000000000
00000001110000000000000000000000
00000001100000000000000000000000
00000001100000000000000000000000
00000001100000000000000000000000
00000011100000000000000000000000
00000011011111100000000000000000
00000011111111111100000000000000
00000011110000111110000000000000
00000011100000000111000000000000
00000011000000000011000000000000
00000011000000000011100000000000
00000011000000000001100000000000
00000011000000000001100000000000
00000011100000000001100000000000
00000001100000000001100000000000
00000001110000000011100000000000
00000000111000000111000000000000
00000000011111111110000000000000
00000000001111111100000000000000
00000000000000000000000000000000
00000000000000000000000000000000
00000000000000000000000000000000
00000000000000000000000000000000