5
00000000000000000000000000000000
00000000000000000000000000000000
00000000000000000000000000000000
00000111111111111111000000000000
00001110000000011111110000000000
00001000000000000000000000000000
00001000000000000000000000000000
00001000000000000000000000000000
00001000000000000000000000000000
00001000000000000000000000000000
00001000000000000000000000000000
00001000001111111100000000000000
00001011111111111111000000000000
00001110000000000001100000000000
00001000000000000000110000000000
00000000000000000000110000000000
00000000000000000000010000000000
00000000000000000000011000000000
00000000000000000000001000000000
00000000000000000000001000000000
00000000000000000000001000000000
00000000000000000000001000000000
00000000000000000000001000000000
00000000000000000000011000000000
00000000000000000000110000000000
00000000000000000001110000000000
00000000000000000111100000000000
00001100000000111100000000000000
00001111111111110000000000000000
00000000000000000000000000000000
00000000000000000000000000000000
00000000000000000000000000000000