0
00000000000000000000000000000000
00000000000000000000000000000000
00000000000000000000000000000000
00000000000000000000000000000000
00000000000000000000000000000000
00000000011111100000000000000000
00000001111111110000000000000000
00000111111111111000000000000000
00001111111111111100000000000000
00011111100001111110000000000000
00011111000000111111000000000000
00011110000000011111100000000000
00011100000000001111110000000000
00011100000000000111111000000000
00011100000000000011111000000000
00011100000000000001111100000000
00011100000000000000111100000000
00011100000000000000011100000000
00011100000000000000011100000000
00011110000000000000011100000000
00011111000000000000011100000000
00011111000000000000111100000000
00001111100000000001111100000000
00000111110000000111111100000000
00000011111100111111111000000000
00000001111110111111110000000000
00000000111111111111000000000000
00000000011111111000000000000000
00000000001111111000000000000000
00000000000111100000000000000000
00000000000000000000000000000000
00000000000000000000000000000000