9
00000000000000000000000000000000
00000000000000000000000000000000
00000000000000000000000000000000
00000000000000000000000000000000
00000000000000000000000000000000
00000000000000000000000000000000
00000000000000001100000000000000
00000000001111111111000000000000
00000001111111111111100000000000
00000001110000001001110000000000
00010011000000000011100000000000
00000110000000000111000000000000
00010111000000001111001000000000
00010011111111111011010000000000
00000001111111111011000000000000
00000100000000000011100000000000
00000000000000000011100000000000
00000000000000000011000000000000
00000000000000000011000000000000
00000000000000000011000000000000
00000000000000000010000000000000
00000000000000000110001000000000
00000000000000000110001000000000
00000000000000000010100000000000
00000000000000000000000000000000
00000000000000000000000000000000
00000000000000000000000000000000
00000000000000000000000000000000
00000000000000000000000000000000
00000000000000000000000000000000
00000000000000000000000000000000
00000000000000000000000000000000