7
00000000000000000000000000000000
00000000000000000000000000000000
00000000000000000000000000000000
00000000111111111111111111000000
00000000111111111111111111000000
00000000111111111111111111000000
00000000000000000000001110000000
00000000000000000000001110000000
00000000000000000000011100000000
00000000000000000000111100000000
00000000000000000000111000000000
00000000000000000000111000000000
00000000000000000001110000000000
00000000000000000001110000000010
00000000000000000011100000000111
00000000000000000011100000000110
00000000000000000111000000000000
00000000000000000111000000000000
00000000000000001110000000000000
00000000000000011110000000000000
00000000000000111100000000000000
00000000000000111000000000000000
00000000000001110000000000000000
00000000000011110000000000000000
00000000000011100000000000000000
00000000000111000000000000000000
00000000000111000000000000000000
00000000000010000000000000000000
00000000000000000000000000000000
00000000000000000000000000000000
00000000000000000000000000000000
00000000000000000000000000000000