6
00000000000000000000000000000000
00000000000000000000000000000000
00000000000000000000010000000000
00000000000000000000111000000000
00000000000000000001110000000000
00000000000000000011100000000000
00000000000000000111000000000000
00000000000000001110000000000000
00000000000000011100000000000000
00000000000000111000000000000000
00000000000001110000000000000000
00000000000001100000000000000000
00000000000011100000000000000000
00000000000011000000000000000000
00000000000111000000000000000000
00000000000110000000000000000000
00000000000110111110000000000000
00000000001111111111000000000000
00000000001111100011100000000000
00000000001100000001110000000000
00000000011100000000111000000000
00000000011000000000011000000000
00000000011000000000011100000000
00000000011100000000001100000000
00000000001100000000001100000000
00000000001110000000001100000000
00000000000111000000011100000000
00000000000011111000111000000000
00000000000000111111111000000000
00000000000000000111100000000000
00000000000000000000000000000000
00000000000000000000000000000000