6
00000000000000000000000000000000
00000000000000000000000000000000
00000000000000000000000000000000
00000000000001111000000000000000
00000000000111111000000000000000
00000000001111110000000000000000
00000000011110000000000000000000
00000000111100000000000000000000
00000001111000000000000000000000
00000001110000000000000000000000
00000001110000000000000000000000
00000011100000000000000000000000
00000011100000000000000000000000
00000011100011110000000000000000
00000011111111111111000000000000
00000011111111111111100000000000
00000011111000000111110000000000
00000011100000000000111000000000
00000011100000000000111000000000
00000001110000000000011000000000
00000001110000000000011100000000
00000001111000000000011100000000
00000000111000000000011100000000
00000000011100000000011100000000
00000000011110000000011100000000
00000000001111110000011100000000
00000000000111111111111000000000
00000000000001111111111000000000
00000000000000001111100000000000
00000000000000000000000000000000
00000000000000000000000000000000
00000000000000000000000000000000