8
00000000000000000000000000000000
00000000000000000000000000000000
00000000000000000000000000000000
00000000000000000000000000000000
00000000000111111000000000000000
00000000001111111110000000000000
00000000001111111110000000000000
00000000001111011110000000000000
00000000001110111110000000000000
00000000001111111110000000000000
00000000001111111110000000000000
00000000001111111000000000000000
00000000001111111000000000000000
00000000001111111100000000000000
00000000011111111110000000000000
00000001111110111111000000000000
00000001111100011111000000000000
00000011111000001111100000000000
00000111110000000111100000000000
00001111100000000111110000000000
00111111000000000011110000000000
00111110000000000001110000000000
00111100000000000001110000000000
00111000000000000001110000000000
00111110000000000011110000000000
00111111100000000111110000000000
00111111111111111111110000000000
00001111111111111111100000000000
00000011111111111111000000000000
00000000000000000000000000000000
00000000000000000000000000000000
00000000000000000000000000000000