3
00000000000000000000000000000000
00000000000000000000000000000000
00000000000000000000000000000000
00000000000000000000000000000000
00000000000000000000000000000000
00000000001111111110000000000000
00000000001000000011000000000000
00000000001000000001000000000000
00000000011000000000100000000000
00000000010000000000100000000000
00000000000000000000100000000000
00000000000000000001000000000000
00000000000000000001000000000000
00000000000000000011000000000000
00000000000000000110000000000000
00000000000000111000000000000000
00000000000111111111111000000000
00000000011110000000001100000000
00000000000000000000000110000000
00000000000000000000000010000000
00000000000000000000000011000000
00000000000000000000000001000000
00000000000000000000000001000000
00000000000000000000000001000000
00000000000000000000000010000000
00000000000000000000000010000000
00000000010000000000000100000000
00000000011100000000111100000000
00000000000011111111000000000000
00000000000000000000000000000000
00000000000000000000000000000000
00000000000000000000000000000000