4
00000000000000000000000000000000
00000000000000000000000000000000
00000000000000000000000000000000
00000000000000000000000000000000
00000000001000000000010000000000
00000000001000000000010000000000
00000000001000000000010000000000
00000000001000000000010000000000
00000000001000000000010000000000
00000000001000000000010000000000
00000000001000000000010000000000
00000000001000000000010000000000
00000000001000000000010000000000
00000000001100000000010000000000
00000000000111111111110000000000
00000000000000000000010000000000
00000000000000000000010000000000
00000000000000000000010000000000
00000000000000000000010000000000
00000000000000000000010000000000
00000000000000000000010000000000
00000000000000000000010000000000
00000000000000000000010000000000
00000000000000000000010000000000
00000000000000000000010000000000
00000000000000000000010000000000
00000000010000000000010000000000
00000000000000000000010000000000
00000000000000000001010000000000
00000000000000000000010010000000
00000000000000000000000000000000
00000000000000000000000000000000