5
00000000000000000000000000000000
00000000000000000000000000000000
00000000000000000000000000000000
00000000000000000000000000000000
00000000000000000000000000000000
00000000000000000000000000000000
00000000000000000000000000000000
00000011111110000000011000000000
00000010000011111111110000000000
00000010000000000000000000000000
00000010000000000000000000000000
00000010000000000000000000000000
00000011000000000000000000000000
00000001000000000000000000000000
00000001000000000000000000000000
00000001000000000000000000000000
00000001111111100000000000000000
00000000000000111111100000000000
00000000000000000000110000000000
00000000000000000000010000000000
00000000000000000000010000000000
00000000000000000000010000000000
00000000000000000000110000000000
00000000000000000001110000000000
00000000000000000111100000000000
00000000000000001110000000000000
00000000000000111100000000000000
00000000100111110000000000000000
00000000111110000000000000000000
00000000110000000000000000000000
00000000000000000000000000000000
00000000000000000000000000000000