8
00000000000000000000000000000000
00000000000000000000000000000000
00000000000011100000000000000000
00000000001111111100000000000000
00000000011110111110000000000000
00000001111000000111000000000000
00000011110000000011000000000000
00000011110000000011000000000000
00000000111000000011100000000000
00000000011100000001100000000000
00000000001100000001100000000000
00000000001110000001100000000000
00000000000111000011100000000000
00000000000011000011000000000000
00000000000011110111000000000000
00000000000000111110000000000000
00000000000000011100000000000000
00000000000000111110000000000000
00000000000001110111000000000000
00000000000011100011100000000000
00000000000111000001110000000000
00000000001110000000111000000000
00000000001100000000011000000000
00000000011100000000011000000000
00000000011000000000011000000000
00000000011100000000111000000000
00000000001111111111110000000000
00000000000111111111100000000000
00000000000000000000000000000000
00000000000000000000000000000000
00000000000000000000000000000000
00000000000000000000000000000000