6
00000000000000000000000000000000
00000000000000000000000000000000
00000000000000000000000000000000
00000000000000000000000000000000
00000000000000000000000000000000
00000000000000000011111100000000
00000000000000001100000000000000
00000000000000011000000000000000
00000000000000100000000000000000
00000000000011000000000000000000
00000000000110000000000000000000
00000000000100000000000000000000
00000000001100000000000000000000
00000000001000000000000000000000
00000000001000000000000000000000
00000000011111111110000000000000
00000000110000000001100000000000
00000000110000000000011000000000
00000000100000000000000100000000
00000000100000000000000010000000
00000001000000000000000010000000
00000001000000000000000010000000
00000001100000000000000010000000
00000000100000000000000010000000
00000000100000000000000010000000
00000000010000000000000100000000
00000000010000000000001000000000
00000000001000000000110000000000
00000000000110000011000000000000
00000000000001111100000000000000
00000000000000000000000000000000
00000000000000000000000000000000