3
00000000000000000000000000000000
00000000000000000000000000000000
00000000000000000000000000000000
00000000000000000000000000000000
00000000000000000000000000000000
00000000000000000000000000000000
00000000000000000000000000000000
00000000000000000000000000000000
00011111100000000000000000000000
01111111111000000000000000000000
00111000111100000000000000000000
00000000001110000000000000000000
00000000000111000000000000000000
00000000000011100000000000000000
00000000000001100000000000000000
00000000000001100000000000000000
00000111111001100000000000000000
00001111111111100000000000000000
00001111111111110000000000000000
00000000000001111000000000000000
00000000000000011100000000000000
00000000000000001100000000000000
00000000000000011100000000000000
00000000000001111000000000000000
00000111111111110000000000000000
00001111111111000000000000000000
00000111111100000000000000000000
00000000000000000000000000000000
00000000000000000000000000000000
00000000000000000000000000000000
00000000000000000000000000000000
00000000000000000000000000000000