4
00000000000000000000000000000000
00000000000000000000000000000000
00000000000000000000000000000000
00000011100000000000111000000000
00000011100000000000111000000000
00000011100000000000111000000000
00000011100000000000111000000000
00000011100000000000111000000000
00000011100000000000111000000000
00000011100000000000111000000000
00000011100000000000111000000000
00000011100000000000111000000000
00000011100000000000111000000000
00000011100000000000111000000000
00000011100011111111111111000000
00000011111111111111111111110000
00000011111111111111111111110000
00000011111111100000111111110000
00000000000000000000111000000000
00000000000000000000111000000000
00000000000000000000111000000000
00000000000000000000111000000000
00000000000000000000111000000000
00000000000000000000111000000000
00000000000000000000111000000000
00000000000000000000111000000000
00000000000000000000111000000000
00000000000000000000111000000000
00000000000000000000111000000000
00000000000000000000111000000000
00000000000000000000000000000000
00000000000000000000000000000000