0
00000000000000000000000000000000
00000000000000000000000000000000
00000000000000000000000000000000
00000000000111111100000000000000
00000000001100000011000000000000
00000000011000000001100000000000
00000000110000000001100000000000
00000001100000000000110000000000
00000011000000000000110000000000
00000011000000000000110000000000
00000110000000000000010000000000
00000110000000000000010000000000
00000110000000000000011000000000
00000100000000000000011000000000
00000100000000000000001000000000
00000100000000000000001000000000
00000100000000000000001000000000
00000100000000000000001000000000
00000100000000000000001000000000
00000100000000000000001000000000
00000100000000000000001000000000
00000100000000000000001000000000
00000110000000000000001000000000
00000110000000000000011000000000
00000110000000000000010000000000
00000110000000000000110000000000
00000011000000000001100000000000
00000011000000000011000000000000
00000001100001111100000000000000
00000000111111100000000000000000
00000000000000000000000000000000
00000000000000000000000000000000