1
00000000000000000000000000000000
00000000000000000000000000000000
00000000000000000000000000000000
00000000000000000000000000000000
00000000000000000000000000000000
00000000000000000000000000000000
00000000000000000000000000000000
00000000000000010000000000000000
00000000000000010000000000000000
00000000000000110000000000000000
00000000000001110000000000000000
00000000000011010000000000000000
00000000000110010000000000000000
00000000001100110000000000000000
00000000011000100000000000000000
00000000110000100000000000000000
00000000110000100000000000000000
00000001100000100000000000000000
00000011000000100000000000000000
00000010000000100000000000000000
00000010000000100000000000000000
00000000000000100000000000000000
00000000000000100000000000000000
00000000000000100000000000000000
00000000000000101111111100000000
00000000000011111000000110000000
00000000111110000000000000000000
00000000000000000000000000000000
00000000000000000000000000000000
00000000000000000000000000000000
00000000000000000000000000000000
00000000000000000000000000000000