6
00000000000000000000000000000000
00000000000000000000000000000000
00000000000000000111111110000000
00000000000000011000000010000000
00000000000011100000000010000000
00000000000110000000000000000000
00000000001100000000000000000000
00000000011000000000000000000000
00000000010000000000000000000000
00000000110000000000000000000000
00000000100000000000000000000000
00000001100000000000000000000000
00000001000000000000000000000000
00000011000111111111100000000000
00000010111100000000110000000000
00000111100000000000011000000000
00001110000000000000000100000000
00011100000000000000000110000000
00010100000000000000000010000000
00000100000000000000000010000000
00000100000000000000000010000000
00000100000000000000000010000000
00000100000000000000000010000000
00000110000000000000000100000000
00000010000000000000000100000000
00000011000000000000001100000000
00000001100000000000111000000000
00000000111000000111100000000000
00000000001111111100000000000000
00000000000000000000000000000000
00000000000000000000000000000000
00000000000000000000000000000000