0
00000000000000000000000000000000
00000000000000000000000000000000
00000000000111111100000000000000
00000000011100000011000000000000
00000000110000000001110000000000
00000000110000000000010000000000
00000000110000000000010000000000
00000000100000000000011000000000
00000000100000000000001000000000
00000000100000000000001000000000
00000000100000000000001100000000
00000000100000000000000100000000
00000000100000000000000100000000
00000000100000000000000100000000
00000000100000000000000100000000
00000000100000000000000110000000
00000000100000000000000110000000
00000000100000000000000110000000
00000000100000000000000110000000
00000000100000000000000110000000
00000000100000000000000110000000
00000000100000000000000110000000
00000000100000000000000100000000
00000000010000000000000100000000
00000000010000000000000100000000
00000000001000000000001000000000
00000000001100000000011000000000
00000000000110000000110000000000
00000000000011100011100000000000
00000000000000111111000000000000
00000000000000000000000000000000
00000000000000000000000000000000