7
00000000000000000000000000000000
00000000000000000000000000000000
00000000000000000000000000000000
00000001111100000000000000000000
00000001111111100000000000000000
00000000000111111000000000000000
00000000000000111111000000000000
00000000000000001111111000000000
00000000000000000001111111100000
00000000000000000000001111100000
00000000000000000000000011100000
00000000000000000000001111000000
00000000000000000000011110000000
00000000000000000000111000000000
00000000000000000001110000000000
00000000000000000011100000000000
00000000000000000111000000000000
00000000000000001110000000000000
00000000000000011100000000000000
00000000000001111000000000000000
00000000000001110000000000000000
00000000000011100000000000000000
00000000000111000000000000000000
00000000000110000000000000000000
00000000001110000000000000000000
00000000001100000000000000000000
00000000001100000000000000000000
00000000000000000000000000000000
00000000000000000000000000000000
00000000000000000000000000000000
00000000000000000000000000000000
00000000000000000000000000000000