5
00000000000000000000000000000000
00000000000000000000000000000000
00000000000000000000000000000000
00000000000000000000000000000000
00000000000000000000000000000000
00000000000000000000000000000000
00000000000000000000000000000000
00000000000101111111100000000000
00000000000111000000000000000000
00000000000010000000000000000000
00000000000010000000000000000000
00000000000010000000000000000000
00000000000010000000000000000000
00000000000010000000000000000000
00000000000010000000000000000000
00000000000010111111110000000000
00000000000011100000011000000000
00000000000000000000001100000000
00000000000000000000001100000000
00000000000000000000000100000000
00000000000000000000000100000000
00000000000000000000001100000000
00000000000000000000001000000000
00000000000000000000001000000000
00000000000000000000011000000000
00000000000000100000010000000000
00000000000000110001110000000000
00000000000000011111000000000000
00000000000000000000000000000000
00000000000000000000000000000000
00000000000000000000000000000000
00000000000000000000000000000000