0
00000000000000000000000000000000
00000000000000000000000000000000
00000000000011111110000000000000
00000011111111111111100000000000
00001111111110000011110000000000
00001110110000000000111000000000
00011100000000000000011100000000
00011000000000000000011100000000
00011000000000000000001110000000
00011000000000000000000111000000
00011000000000000000000111000000
00011000000000000000000011100000
00011100000000000000000001100000
00011100000000000000000001110000
00001100000000000000000000110000
00001100000000000000000000111000
00001100000000000000000000011000
00001110000000000000000000011000
00000111000000000000000000011000
00000111000000000000000000011000
00000011100000000000000000011000
00000001110000000000000000011000
00000001111000000000000000011000
00000000111100000000000000111000
00000000011110000000000001110000
00000000000111100000001111110000
00000000000011111111111111000000
00000000000000111111111000000000
00000000000000000000000000000000
00000000000000000000000000000000
00000000000000000000000000000000
11111111111111111111111111111111