0
00000000000000000000000000000000
00000000000000000000000000000000
00000000000000000000000000000000
00000000000000000000000000000000
00000000000000000000000000000000
00000000000001111100000000000000
00000000000011000111000000000000
00000000000110001101000000000000
00000000001100000111000000000000
00000000011000000001100000000000
00000000010000000000110000000000
00000000110000000001110000000000
00000000100000000001011000000000
00000000100000000011001000000000
00000000100000000110001000000000
00000000100000001100001000000000
00000000100000011000001000000000
00000000100000110000001000000000
00000000100001100000001000000000
00000000100001100000001000000000
00000000100011000000001000000000
00000000100110000000001000000000
00000000111100000000011000000000
00000000011100000000010000000000
00000000011100000000110000000000
00000000001110000000100000000000
00000000000011100011100000000000
00000000000000111110000000000000
00000000000000000000000000000000
00000000000000000000000000000000
00000000000000000000000000000000
00000000000000000000000000000000