4
00000000000000000000000000000000
00000000000000000000000000000000
00000000000000000000000000000000
00000000000000000000000000000000
00000000000000000000000000000000
00000000100000000100000000000000
00000000100000000110000000000000
00000000100000000010000000000000
00000000100000000010000000000000
00000000100000000010000000000000
00000000100000000010000000000000
00000000100000000010000000000000
00000000100000000010000000000000
00000000100000000010000000000000
00000000100000000010000000000000
00000000100000000010000000000000
00000000100000000010000000000000
00000000100011111111111000000000
00000000111110001011000000000000
00000000000000000010000000000000
00000000000000000010000000000000
00000000000000000010000000000000
00000000000000000010000000000000
00000000000000000010000000000000
00000000000000000010000000000000
00000000000000000011000000000000
00000000000000000001000000000000
00000000000000000001000000000000
00000000000000000000000000000000
00000000000000000000000000000000
00000000000000000000000000000000
00000000000000000000000000000000