4
00000000000000000000000000000000
00000110000000000000000000000000
00000111000000000100000000000000
00000111000000001110000000000000
00000111000000001110000000000000
00000111000000001110000000000000
00000111000000001110000000000000
00000111000000001110000000000000
00000111000000001110000000000000
00000110000000001110000000000000
00000110000000001110000000000000
00000110000000001110000000000000
00000110000000001110000000000000
00000111000000001110000000000000
00000111111111111111111111000000
00000011111111111111111111000000
00000000000000001110000000000000
00000000000000001110000000000000
00000000000000001110000000000000
00000000000000001110000000000000
00000000000000001110000000000000
00000000000000001110000000000000
00000000000000001110000000000000
00000000000000001110000000000000
00000000000000001110000000000000
00000000000000001110000000000000
00000000000000001110000000000000
00000000000000001110000000000000
00000000000000001110000000000000
00000000000000000000000000000000
00000000000000000000000000000000
00000000000000000000000000000000