5
00000000000000000000000000000000
00000000011110000000000000000000
00000000111111111111111111000000
00000000110001111111111111100000
00000000110000000000000000000000
00000000110000000000000000000000
00000000110000000000000000000000
00000000110000000000000000000000
00000000110000000000000000000000
00000000110000000000000000000000
00000000110000000000000000000000
00000000110000000000000000000000
00000000110001111110000000000000
00000000111111111111110000000000
00000000111111000001111100000000
00000000000000000000001100000000
00000000000000000000001110000000
00000000000000000000000110000000
00000000000000000000000111000000
00000000000000000000000011000000
00000000000000000000000011000000
00000000000000000000000011000000
00000000000000000000000011000000
00000000000000000000000011000000
00000000000000000000000011000000
00000000000000000000000111000000
00000000000000000000001110000000
00000001100000000000111100000000
00000011111111111111111000000000
00000000111111111111100000000000
00000000000000000000000000000000
00000000000000000000000000000000