4
00000000000000000000000000000000
00000000000000000000000000000000
00000000000000000000000000000000
00000000000000000000000000000000
00000000000000000000000000000000
00000000000000000000000000000000
00000000000000000000000000000000
00000000100000000000000000000000
00000001100000000000000000000000
00000001000000000000000000000000
00000001000000000000000000000000
00000001000000001000000000000000
00000001000000001000000000000000
00000001000000001000000000000000
00000011000000001000000000000000
00000010000000001000000000000000
00000010000000001000000000000000
00000010000000001000000000000000
00000010000000001000000000000000
00000010000000001000000000000000
00000011111111111111110000000000
00000000000000001000001110000000
00000000000000001000000000000000
00000000000000001000000000000000
00000000000000001000000000000000
00000000000000001000000000000000
00000000000000001000000000000000
00000000000000000000000000000000
00000000000000000000000000000000
00000000000000000000000000000000
00000000000000000000000000000000
00000000000000000000000000000000