5
00000000000000000000000000000000
00000000000000000000000000000000
00000000000000000000000000000000
00000000000000000000000000000000
00000000000000000000000000000000
00000000000111111111110000000000
00000000000100000000000000000000
00000000000100000000000000000000
00000000000100000000000000000000
00000000001100000000000000000000
00000000001100000000000000000000
00000000001000000000000000000000
00000000001000000000000000000000
00000000001011111110000000000000
00000000001111000011100000000000
00000000001110000001110000000000
00000000001100000000011000000000
00000000001000000000011000000000
00000000001000000000001100000000
00000000000000000000001100000000
00000000000000000000000100000000
00000000000000000000001100000000
00000000000000000000011000000000
00000000000000111111110000000000
00000000000001100000000000000000
00000000000000000000000000000000
00000000000000000000000000000000
00000000000000000000000000000000
00000000000000000000000000000000
00000000000000000000000000000000
00000000000000000000000000000000
00000000000000000000000000000000