4
00000000000000000000000000000000
00000000000000000000000000000000
00000000000000000000000000000000
00000000000000000000000000000000
00000000000000000000000000000000
00000000000001000000000000000000
00000000000011000110000000000000
00000000000010000110000000000000
00000000000110000110000000000000
00000000001110000110000000000000
00000000001100000110000000000000
00000000001100000110000000000000
00000000001000000110000000000000
00000000011000000110000000000000
00000000010000000110000000000000
00000000110000000110000000000000
00000000100000000110000000000000
00000001100000000110000000000000
00000011100000000110000000000000
00000011111111111111111111110000
00000000000000000110000000000000
00000000000000000110000000000000
00000000000000000110000000000000
00000000000000000110000000000000
00000000000000000110000000000000
00000000000000000010000000000000
00000000000000000010000000000000
00000000000000000010000000000000
00000000000000000010000000000000
00000000000000000000000000000000
00000000000000000000000000000000
00000000000000000000000000000000