2
00000000000000000000000000000000
00000000000000000000000000000000
00000000000000000000000000000000
00001110000000000000000000000000
00000011110000000000000000000000
00000000011100000000000000000000
00000000000110000000000000000000
00000000000011100000000000000000
00000000000000100000000000000000
00000000000000110000000000000000
00000000000000011000000000000000
00000000000000001000000000000000
00000000000000001100000000000000
00000000000000000100000000000000
00000000000000000100000000000000
00000000000000000100000000000000
00000000000000000100000000000000
00000000000000000100000000000000
00000000000000000100000000000000
00000000000111100100000000000000
00000000111100111100000000000000
00000000100000001110000000000000
00000000100000001011000000000000
00000000100000011001110000000000
00000000110000110000011100000000
00000000011111100000000110000000
00000000000110000000000011100000
00000000000000000000000000000000
00000000000000000000000000000000
00000000000000000000000000000000
00000000000000000000000000000000
00000000000000000000000000000000