4
00000000000000000000000000000000
00000000000000000000000000000000
00000000000000000000000000000000
00001110000000000000000000000000
00001110000000000000111000000000
00001110000000000000111000000000
00001110000000000000111000000000
00001110000000000000111000000000
00001110000000000000111000000000
00001111000000000000111000000000
00001111000000000000111000000000
00001111000000000000111000000000
00000111000000000000111000000000
00000111000000000000111000000000
00000111000000000000111000000000
00000111111111111111111111100000
00000111111111111111111111100000
00000111111111111111111111100000
00000000000000000000111000000000
00000000000000000000111000000000
00000000000000000000111000000000
00000000000000000000111000000000
00000000000000000000111000000000
00000000000000000000111000000000
00000000000000000000111000000000
00000000000000000000111000000000
00000000000000000000111000000000
00000000000000000000111000000000
00000000000000000000111000000000
00000000000000000000111000000000
00000000000000000000000000000000
00000000000000000000000000000000