3
00000000000000000000000000000000
00000000000000000000000000000000
00000000000000000000000000000000
00000000000000000000000000000000
00000000000000111100000000000000
00000000000011100011000000000000
00000000001100000001000000000000
00000000001000000000100000000000
00000000000000000000100000000000
00000000000000000000100000000000
00000000000000000001000000000000
00000000000000000001000000000000
00000000000000000001000000000000
00000000000000000001000000000000
00000000000000000011111000000000
00000000000000001110000100000000
00000000000011110000000100000000
00000000000010000000000110000000
00000000000000000000000010000000
00000000000000000000000010000000
00000000000000000000000010000000
00000000000000000000000011000000
00000000000000000000000001000000
00000000000000000000000010000000
00000000000000000000000110000000
00000001000000000000000100000000
00000001110000000000011000000000
00000000011110000001110000000000
00000000000001111111000000000000
00000000000000000000000000000000
00000000000000000000000000000000
00000000000000000000000000000000