6
00000000000000000000000000000000
00000000000000000000001000000000
00000000000000000000111000000000
00000000000000000011100000000000
00000000000000000110000000000000
00000000000000001100000000000000
00000000000000111000000000000000
00000000000001100000000000000000
00000000000011000000000000000000
00000000000110000000000000000000
00000000001100000000000000000000
00000000001000000000000000000000
00000000010000000000000000000000
00000000110000000000000000000000
00000000100000000000000000000000
00000000100000000000000000000000
00000001100000011111100000000000
00000001000001110000111000000000
00000001000110000000001100000000
00000001001100000000000100000000
00000001111000000000000110000000
00000001100000000000000010000000
00000000100000000000000010000000
00000000100000000000000110000000
00000000010000000000000100000000
00000000011000000000000100000000
00000000001100000000000100000000
00000000000011110000111100000000
00000000000000011111100000000000
00000000000000000000000000000000
00000000000000000000000000000000
00000000000000000000000000000000