8
00000000000000000000000000000000
00000000000000000011000000000000
00000000000000001111100000000000
00000000000001111111100000000000
00000000000111111111100000000000
00000000001111110011100000000000
00000000001111000001110000000000
00000000011100000001110000000000
00000000011110000001110000000000
00000000001111000011100000000000
00000000000111100011100000000000
00000000000011111111000000000000
00000000000001111111000000000000
00000000000000011110000000000000
00000000000000111111000000000000
00000000000000111111100000000000
00000000000001111011110000000000
00000000000011110001111000000000
00000000000111100000111000000000
00000000000111000000111000000110
00000000001111000000011100000110
00000000001110000000011000000000
00000000001110000000111000000000
00000000001110000001111000000000
00000000001110000011110000000000
00000000001111111111100000000000
00000000000111111111000000000000
00000000000011111100000000000000
00000000000000000000000000000000
00000000000000000000000000000000
00000000000000000000000000000000
00000000000000000000000000000000