6
00000000000000000000000000000000
00000000000000000000000000000000
00000000000000000000000000000000
00000000000000000000000000000000
00000000000000000000000000000000
00000000000000000000000000000000
00000000000000000011111111000000
00000000000001111111111111000000
00000000001111111111000000000000
00000001111111000000000000000000
00000011111000000000000000000000
00000111100000000000000000000000
00001110000000000000000000000000
00011100000000000000000000000000
00011100000000000000000000000000
00011000000000000000000000000000
00011000000000000000000000000000
00011000000000000000000000000000
00011000000000000000000000000000
00011000000000000000000000000000
00011000001111111000000000000000
00011000111111111110000000000000
00011000111100011111000000000000
00011001110000000111000000000000
00011101100000000111000000000000
00001111100000001110000000000000
00000111111111111110000000000000
00000011111111111000000000000000
00000000000000000000000000000000
00000000000000000000000000000000
00000000000000000000000000000000
00000000000000000000000000000000