9
00000000000000000000000000000000
00000000000011111111111000000000
00000000000110000000001000000000
00000000001100000000001000000000
00000000011000000000001000000000
00000000110000000000001000000000
00000000100000000000001000000000
00000000100000000000001000000000
00000000100000000000001000000000
00000000100000000000001000000000
00000000110000000000001000000000
00000000011000000000001000000000
00000000001100000000011000000000
00000000000111000000010000000000
00000000000001111000010000000000
00000000000000001111110000000000
00000000000000000000110000000000
00000000000000000000100000000000
00000000000000000001100000000000
00000000000000000001000000000000
00000000000000000011000000000000
00000000000000000010000000000000
00000000000000000110000000000000
00000000000000001100000000000000
00000000000000011000000000000000
00000000000000110000000000000000
00000000000001100000000000000000
00000000000011000000000000000000
00000000000110000000000000000000
00000000001100000000000000000000
00000000000000000000000000000000
00000000000000000000000000000000