0
00000000000000000000000000000000
00000000000000000000000000000000
00000000000000000000000000000000
00000000000000000000000000000000
00000000000000000000000000000000
00000000000000011000000000000000
00000000000001111110000000000000
00000000000011000010000000000000
00000000000110000011000000000000
00000000001100000001100000000000
00000000001000000000100000000000
00000000001000000000110000000000
00000000001000000000011000000000
00000000001000000000001000000000
00000000001000000000001000000000
00000000001000000000001000000000
00000000001000000000001000000000
00000000001000000000001000000000
00000000001000000000001000000000
00000000001000000000001000000000
00000000001000000000001000000000
00000000001000000000011000000000
00000000001000000000010000000000
00000000001100000000110000000000
00000000000110000001100000000000
00000000000011111111000000000000
00000000000000000000000000000000
00000000000000000000000000000000
00000000000000000000000000000000
00000000000000000000000000000000
00000000000000000000000000000000
00000000000000000000000000000000