2
00000000000000000000000000000000
00000000000000000000000000000000
00000000000000000000000000000000
00000000000000000000000000000000
00000000000000111110000000000000
00000000000111100011000000000000
00000000011100000000100000000000
00000000010000000000100000000000
00000000000000000000100000000000
00000000000000000000100000000000
00000000000000000000100000000000
00000000000000000001000000000000
00000000000000000001000000000000
00000000000000000010000000000000
00000000000000000110000000000000
00000000000000001100000000000000
00000000000000011000000000000000
00000000000000110000000000000000
00000000000001100000000000000000
00000000000011000000000000000000
00000000000110000000000000000000
00000000001100111111100000000000
00000000001111100000111000000000
00000000000000000000000000000000
00000000000000000000000000000000
00000000000000000000000000000000
00000000000000000000000000000000
00000000000000000000000000000000
00000000000000000000000000000000
00000000000000000000000000000000
00000000000000000000000000000000
00000000000000000000000000000000