1
00000000000000000000000000000000
00000000000000000000000000000000
00000000000000111000000000000000
00000000000001111000000000000000
00000000000111111000000000000000
00000000001111111000000000000000
00000000011110111000000000000000
00000000011100111000000000000000
00000000000000111000000000000000
00000000000000111000000000000000
00000000000000111000000000000000
00000000000000111000000000000000
00000000000000111000000000000000
00000000000000111000000000000000
00000000000000111000000000000000
00000000000000111000000000000000
00000000000000111000000000000000
00000000000000111000000000000000
00000000000000111000000000000000
00000000000000111000000000000000
00000000000000111000000000000000
00000000000000111000000000000000
00000000000000111000000000000000
00000000000011111000000000000000
00000000011111111111111100000000
00000000011111111111111100000000
00000000011111111111111100000000
00000000000000000000000000000000
00000000000000000000000000000000
00000000000000000000000000000000
00000000000000000000000000000000
00000000000000000000000000000000