5
00000000000000000000000000000000
00000000000000000000000000000000
00000111111111111111111100000000
00000111111111111111111100000000
00000111111111111111111100000000
00000111000000000000000000000000
00000111000000000000000000000000
00000111100000000000000000000000
00000111100000000000000000000000
00000011100000000000000000000000
00000011100111111110000000000000
00000011111111111111100000000000
00000011111111111111110000000000
00000011111111001111111000000000
00000011111100000011111100000000
00000011110000000001111100000000
00000000000000000000111110000000
00000000000000000000011110000000
00000000000000000000001110000000
00000000000000000000001111000000
00000000000000000000001111000000
00000000000000000000001111000000
00000000000000000000011111000000
00001110000000000000011111000000
00001111000000000001111110000000
00001111100000001111111100000000
00000111111111111111111100000000
00000111111111111111110000000000
00000011111111111110000000000000
00000000000000000000000000000000
00000000000000000000000000000000
00000000000000000000000000000000