4
00000000000000000000000000000000
00000000000000000000000000000000
00000000000000000000000000000000
00000000000000000000000000000000
00000000000000000000000000000000
00000000000000000000000000000000
00000000011000000000000000000000
00000000010000000000000000000000
00000000110000011000000000000000
00000000100000011000000000000000
00000001100000011000000000000000
00000001100000011000000000000000
00000001100000011000000000000000
00000011000000011000000000000000
00000011000000011000000000000000
00000111000000011000000000000000
00000110000000011000000000000000
00000100001111111000000000000000
00001111111111111111100000000000
00001110000000011000111100000000
00000000000000011000000000000000
00000000000000011000000000000000
00000000000000011000000000000000
00000000000000011000000000000000
00000000000000011000000000000000
00000000000000011000000000000000
00000000000000011000000000000000
00000000000000011000000000000000
00000000000000000000000000000000
00000000000000000000000000000000
00000000000000000000000000000000
00000000000000000000000000000000