4
00000000000000000000000000000000
00000000000000000000000000000000
00000000000000000000000000000000
00000000000000000000000000000000
00000000000000000000000000000000
00000000000000000000000000000000
00000000000000000000000000000000
00000000001100000000000000000000
00000000001000011000000000000000
00000000011000011000000000000000
00000000010000011000000000000000
00000000110000011000000000000000
00000000100000011000000000000000
00000000100000011000000000000000
00000001100000011000000000000000
00000001100000110000000000000000
00000011000000110000000000000000
00000011000000110000000000000000
00000110000000110000000000000000
00000100000000110000000000000000
00001111111111111111111111100000
00000000000000110000000011000000
00000000000000110000000000000000
00000000000000110000000000000000
00000000000000110000000000000000
00000000000000110000000000000000
00000000000000110000000000000000
00000000000000110000000000000000
00000000000000110000000000000000
00000000000000110000000000000000
00000000000000110000000000000000
00000000000000000000000000000000