3
00000000000000000000000000000000
00000000000000000000000000000000
00000000000000000000000000000000
00011111111111111000000000000000
00011111111111111111000000000000
00000000000011111111110000000000
00000000000000000111111000000000
00000000000000000001111000000000
00000000000000000000011100000000
00000000000000000000011100000000
00000000000000000000011100000000
00000000000000000000011100000000
00000000000000000000011100000000
00000000000000000000011100000000
00000000000000000000111100000000
00000000000111111111111000000000
00000000000111111111111100000000
00000000000111111111111110000000
00000000000001111111001111000000
00000000000000000000000111100000
00000000000000000000000011100000
00000000000000000000000011100000
00000000000000000000000011100000
00000000000000000000000011100000
00000000000000000000000111100000
00000000000111111111111111100000
00000000001111111111111111000000
00000000000111111111111000000000
00000000000000000000000000000000
00000000000000000000000000000000
00000000000000000000000000000000
00000000000000000000000000000000