0
00000000000000011111000000000000
00000000000011111111110000000000
00000000000111111111111110000000
00000000001111000000111111000000
00000000011110000000000111100000
00000000111000000000000011110000
00000001110000000000000001110000
00000011110000000000000000111000
00000111100000000000000000111000
00000111000000000000000000011000
00001110000000000000000000011100
00001110000000000000000000011100
00001100000000000000000000001100
00011100000000000000000000001110
00011100000000000000000000001110
00011100000000000000000000001110
00011100000000000000000000001110
00011100000000000000000000001110
00001100000000000000000000001100
00001110000000000000000000011100
00001110000000000000000000011100
00000111000000000000000000111000
00000111100000000000000000111000
00000011110000000000000001110000
00000001111000000000000011110000
00000000111100000000000111100000
00000000011111000000001111000000
00000000000111111111111110000000
00000000000011111111111100000000
00000000000000011111110000000000
00000000000000000000000000000000
00000000000000000000000000000000