8
00000000000000000000000000000000
00000000000100000000000000000000
00000000000000010000000000000000
00000000000000000000001100000000
00000000000000000011000000000000
00000000000001111111110000000000
00000000011111111111110000000000
00000000111000111100100000000000
10101011101000010000000000000000
00000111000010111000000000000000
01000110000010110001000000000000
01001111000000111100000000000000
00100111111101110000000000000000
10000010111111110001100100000000
00011000000111111110000000000000
00000000000110001111000000000000
00000000001100000111100000000000
00000000001110000011110000000000
00000000011010000010110000000000
00000000111000000001110000000000
00000000110100000001110000000000
00000000110000000001100000000000
00000000110000000011000000000000
00000000110000000110100000000000
00000000110010101110000000000000
00000000011000111100000000000000
00000000011111110000000000000000
00000000000111000000000000000000
00000000100001010000000000000000
00000000001100100000000000000000
00000000010010010000000000000000
00000000000000100000000000000000