9
00000000000000000000000000000000
00000000000000000000000000000000
00000000000000000000000000000000
00000000000011111110000000000000
00000000011111111111111000000000
00000000111111111111111100000000
00000001111111001111111100000000
00000001111100000000011100000000
00000011111000000000011100000000
00000011110000000000111100000000
00000011110000000000111100000000
00000011100000000001111100000000
00000011100000000011111100000000
00000011100000000111111100000000
00000011100000011111111100000000
00000011110001111111111100000000
00000011111111111111011100000000
00000011111111111100011100000000
00000000111111110000011100000000
00000000000000000000011100000000
00000000000000000000011100000000
00000000000000000000011100000000
00000000000000000000011100000000
00000000000000000000011100000000
00000000000000000000011100000000
00000000000000000000011100000000
00000000000000000000011100000000
00000000000000000000011100000000
00000000000000000000011100000000
00000000000000000000011100000000
00000000000000000000000000000000
00000000000000000000000000000000