4
00000000000000000000000000000000
00000000000000000000000000000000
00000000000000000000000000000000
00000110000000000010000000000000
00000110000000000111000000000000
00000110000000000110000000000000
00000110000000000110000000000000
00000110000000000110000000000000
00000110000000000110000000000000
00000110000000000110000000000000
00000110000000000110000000000000
00000111100000000110000000111000
00000111111111111111111111111100
00000000111111111111111111100000
00000000000000000110000000000000
00000000000000000110000000000000
00000000000000000110000000000000
00000000000000000110000000000000
00000000000000000110000000000000
00000000000000000110000000000000
00000000000000000110000000000000
00000000000000000110000000000000
00000000000000000110000000000000
00000000000000000110000000000000
00000000000000000110000000000000
00000000000000000110000000000000
00000000000000001110000000000000
00000000000000001100000000000000
00000000000000000000000000000000
00000000000000000000000000000000
00000000000000000000000000000000
00000000000000000000000000000000