7
11000000000000000000000000000011
11000000000000000000000000000011
11000000111111111111111100000011
11000001111111111111111111100011
11000001110000000000111111100011
11000000000000000000000011100011
11000000000000000000000111000011
11000000000000000000001110000011
11000000000000000000011110000011
11000000000000000000011100000011
11000000000000000000111000000011
11000000000000000001110000000011
11000000000000000011110000000011
11000000000000000011100000000011
11000000000000000111000000000011
11000000000000001110000000000011
11000000000000001110000000000011
11000000000000011100000000000011
11000000000000111000000000000011
11000000000001110000000000000011
11000000000011100000000000000011
11000000000111000000000000000011
11000000001111000000000000000011
11000000011110000000000000000011
11000000011100000000000000000011
11000000111000000000000000000011
11000000111000000000000000000011
11000000110000000000000000000011
11000000000000000000000000000011
11000000000000000000000000000011
11000000000000000000000000000011
11000000000000000000000000000011