0
00000000000000000000000000000000
00000000000000000000000000000000
00000000000000000000000000000000
00000000000000000000000000000000
00000000000000000000000000000000
00000000000000000111000000000000
00000000000000011100000000000000
00000000000001110000110000000000
00000000000011100000011000000000
00000000000010000000001100000000
00000000000110000000000100000000
00000000000110000000000100000000
00000000000100000000000110000000
00000000001100000000000010000000
00000000001000000000000010000000
00000000001000000000000011000000
00000000001000000000000011000000
00000000001000000000000001000000
00000000001000000000000001000000
00000000001000000000000001000000
00000000001000000000000001000000
00000000001000000000000001000000
00000000001000000000000001000000
00000000001100000000000011000000
00000000000100000000000110000000
00000000000110000000001110000000
00000000000011000000011100000000
00000000000001110000111000000000
00000000000000111111110000000000
00000000000000000000000000000000
00000000000000000000000000000000
00000000000000000000000000000000