6
00000000000000000000000000000000
00000000000000000000000000000000
00000000000000000000000000000000
00000000000000000000000000000000
00000000000000000000000000000000
00000000000000111111100000000000
00000000000011000000100000000000
00000000000110000000000000000000
00000000001100000000000000000000
00000000011000000000000000000000
00000000110000000000000000000000
00000000100000000000000000000000
00000001100000000000000000000000
00000001000000000000000000000000
00000001000000000000000000000000
00000001000000000000000000000000
00000001001111111110000000000000
00000001111000000011100000000000
00000000110000000000110000000000
00000000100000000000010000000000
00000000110000000000010000000000
00000000010000000000010000000000
00000000010000000000110000000000
00000000001000000000100000000000
00000000001100000001100000000000
00000000000111000001000000000000
00000000000000111111000000000000
00000000000000000000000000000000
00000000000000000000000000000000
00000000000000000000000000000000
00000000000000000000000000000000
00000000000000000000000000000000