4
00000000000000000000000000000000
00000000000000000000000000000000
00000000000000000000000000000000
00000000110000000011000000000000
00000000111000000111000000000000
00000000111000000111000000000000
00000000111000000111000000000000
00000000111000000111000000000000
00000000111000000111000000000000
00000000111000000111000000000000
00000000111000000111000000000000
00000000111000000111000000000000
00000000111000000111000000000000
00000000111000000111000000000000
00000000111000000111000000000000
00000000111111111111110000000000
00000000111111111111111100000000
00000000011111111111111100000000
00000000000000000111000000000000
00000000000000000111000000000011
00000000000000000111000000000011
00000000000000000111000000000000
00000000000000000111000000000000
00000000000000000111000000000000
00000000000000000111000000000000
00000000000000000110000000000000
00000000000000001110000000000000
00000000000000001110000000000000
00000000000000000100000000000000
00000000000000000000000000000000
00000000000000000000000000000000
00000000000000000000000000000000