6
11111111111111111111111111111111
11111111111111111111111111111111
00000000000001111110000000000000
00000000000001111100000000000000
00000000000001111000000000000000
00000000000011110000000000000000
00000000000011110000000000000000
00000000000011110000000000000000
00000000000011100000000000000000
00000000000111100000000000000000
00000000000111100000000000000000
00000000000111111111111000000000
00000000000111111111111000000000
00000000001111111111111100000000
00000000001111110000111100000000
00000000001110000000011100000000
00000000001110000000011100000000
00000000001110000000011100000000
00000000001110000000111100000000
00000000001111000001111100000000
00000000001111100001111000000000
00000000001111110011111000000000
00000000000111111111110000000000
00000000000011111111110000000000
00000000000000111111100000000000
00000000000000001111100000000000
00000000000000000000000000000000
00000000000000000000000000000000
00000000000000000000000000000000
00000000000000000000000000000000
00000000000000000000000000000000
00000000000000000000000000000000