5
00000000000000000000000000000000
00000000000000000000000000000000
00000000011111111111111111111000
00000001110000000000000000000000
00000001000000000000000000000000
00000001000000000000000000000000
00000001100000000000000000000000
00000000100000000000000000000000
00000000100000000000000000000000
00000000100000000000000000000000
00000000100000000000000000000000
00000000100011111000000000000000
00000000111100000111110000000000
00000000000000000000011100000000
00000000000000000000000110000000
00000000000000000000000010000000
00000000000000000000000011000000
00000000000000000000000001000000
00000000000000000000000001000000
00000000000000000000000001000000
00000000000000000000000001000000
00000000000000000000000001000000
00000000000000000000000001000000
00000000000000000000000011000000
00000000000000000000000010000000
00000000000000000000000110000000
00000000000000000000001100000000
00000000000000000000011000000000
00011000000000000000110000000000
00001000000000000111100000000000
00000111111111111100000000000000
00000000000000000000000000000000