5
00000000000000000000000000000000
00000000000000000000000000000000
00000000000000000000000000000000
00000000000000000000000000000000
00000000000000000000000000000000
00000000001111111111111100000000
00000000001000000000000000000000
00000000001000000000000000000000
00000000001000000000000000000000
00000000010000000000000000000000
00000000010000000000000000000000
00000000010000000000000000000000
00000000010000001111100000000000
00000000010111111000011100000000
00000000011100000000000110000000
00000000000000000000000010000000
00000000000000000000000010000000
00000000000000000000000010000000
00000000000000000000000010000000
00000000000000000000000010000000
00000000010000000000000010000000
00000000011000000000000010000000
00000000001000000000000110000000
00000000001110000000000100000000
00000000000011110000001100000000
00000000000000001111111000000000
00000000000000000000000000000000
00000000000000000000000000000000
00000000000000000000000000000000
00000000000000000000000000000000
00000000000000000000000000000000
00000000000000000000000000000000