3
00000000000000000000000000000000
00000000000000000000000000000000
00000000000000000000000000000000
00000000000000000000000000000000
00000000001111111000000000000000
00000000110000001100000000000000
00000001000000000110000000000000
00000010000000000011000000000000
00000000000000000001000000000000
00000000000000000001000000000000
00000000000000000001000000000000
00000000000000000001000000000000
00000000000000000001000000000000
00000000000000000011000000000000
00000000000000000110000000000000
00000000000000001111000000000000
00000000000001111100111000000000
00000000000011000000001100000000
00000000000000000000000100000000
00000000000000000000000100000000
00000000000000000000000100000000
00000000000000000000000100000000
00000000000000000000000100000000
00000000000000000000001100000000
00000000010000000000011000000000
00000000011000000001110000000000
00000000001000000011000000000000
00000000001110011110000000000000
00000000000011110000000000000000
00000000000000000000000000000000
00000000000000000000000000000000
00000000000000000000000000000000