8
00000000000000000000000000000000
00000000000000000000000000000000
00000000000000000000000000000000
00000000000111111111000000000000
00000000011111111111110000000000
00000000111111111111110000000000
00000001111111000111111000000000
00000001111000000001111000000000
00000001111000000000111000000000
00000001110000000000111000000000
00000001110000000000111000000000
00000001111000000000111000000000
00000001111000000001111000000000
00000001111110000001111000000000
00000000111111000011111000000000
00000000011111110111110000000000
00000000001111111111110000000000
00000000000111111111100000000000
00000000000011111111100000000000
00000000000011111111110000000000
00000000000111111111111000000000
00000000001111110011111000000000
00000000011111100001111000000000
00000000011110000000111000000000
00000000011110000001111000000000
00000000011111000001111000000000
00000000011111110001110000000000
00000000011111111111110000000000
00000000000111111111110000000000
00000000000001111111110000000000
00000000000000000000000000000000
00000000000000000000000000000000