8
11111111111111111111111111111111
11111111111111111111111111111111
00000000000000000000000000000000
00000000111111111111000000000000
00000000111111111111100000000000
00000001111111111111110000000000
00000001111000000111110000000000
00000001110000000001110000000000
00000001110000000001110000000000
00000001110000000001110000000000
00000001110000000001110000000000
00000001111111100001110000000000
00000001111111111111111000000000
00000000111111111111111100000000
00000000001111111111111110000000
00000000000000000111111110000000
00000000000000001111111110000000
00000000000000001111011110000000
00000000000000001110001111000000
00000000000000001110001111000000
00000000000000001110001111000000
00000000000000001110001111000000
00000000000000001111000111000000
00000000000000001111100111000000
00000000000000000111101111000000
00000000000000000111101111000000
00000000000000000011101111000000
00000000000000000011111111000000
00000000000000000011111110000000
00000000000000000011111100000000
00000000000000000011111100000000
00000000000000000000000000000000