4
00000000000000000000000000000000
00000000000000000000000000000000
00000000000000000000000000000000
00000000111000000000000000000000
00000000111000000111000000000000
00000000111000000111000000000000
00000000111000000111000000000000
00000001111000000111000000000000
00000001111000000111000000000000
00000001110000000111000000000000
00000001110000000111000000000000
00000011110000000111000000000000
00000011110000000111000000000000
00000011110000000111000000000000
00000011100000000111100000000000
00000011100111111111111011100000
00000011111111111111111111100000
00000011111111111111111111100000
00000011111110000011111111100000
00000000000000000011110000000000
00000000000000000011110000000000
00000000000000000001110000000000
00000000000000000001110000000000
00000000000000000001110000000000
00000000000000000001110000000000
00000000000000000001110000000000
00000000000000000001110000000000
00000000000000000001110000000000
00000000000000000001110000000000
00000000000000000000000000000000
00000000000000000000000000000000
00000000000000000000000000000000