6
00000000000000000000000000000000
00000000000000000000000000000000
00000000000000000000000000000000
00000000000000000000000000000000
00000000000000000000000000000000
00000000000000000000000000000000
00000000000000000000000000000000
00000000000001111111110000000000
00000000000011000000000000000000
00000000000010000000000000000000
00000000000110000000000000000000
00000000000100000000000000000000
00000000001100000000000000000000
00000000001000000000000000000000
00000000001000000000000000000000
00000000011000000000000000000000
00000000010000000000000000000000
00000000011111111110000000000000
00000000011000000011100000000000
00000000001000000000110000000000
00000000001100000000010000000000
00000000000100000000010000000000
00000000000110000000110000000000
00000000000011100000100000000000
00000000000000111111100000000000
00000000000000000000000000000000
00000000000000000000000000000000
00000000000000000000000000000000
00000000000000000000000000000000
00000000000000000000000000000000
00000000000000000000000000000000
00000000000000000000000000000000