2
00000000000000000000000000000000
00000000000000000000000000000000
00000000000000000000000000000000
00000000000111110000000000000000
00000000001100011100000000000000
00000000010000000110000000000000
00000001100000000011000000000000
00000001000000000001100000000000
00000000000000000000110000000000
00000000000000000000010000000000
00000000000000000000011000000000
00000000000000000000001000000000
00000000000000000000001000000000
00000000000000000000001000000000
00000000000000000000001000000000
00000000000000000000001000000000
00000000000000000000001000000000
00000000000000000000001000000000
00000000011111110000001000000000
00000000110000011100011000000000
00000001100000000111010000000000
00000011000000000001110000000000
00000010000000000011011000000000
00000010000000001110001110000000
00000011000000011000000011000000
00000001100001100000000001100000
00000000011110000000000000110000
00000000000000000000000000000000
00000000000000000000000000000000
00000000000000000000000000000000
00000000000000000000000000000000
00000000000000000000000000000000