4
00000000000000000000000000000000
00000000000000000000000000000000
00000000000000000000000000000000
00000000001110000000000000000000
00000000001110000000000000000000
00000000001110000000011100000000
00000000001110000000011100000000
00000000011110000000011100000000
00000000011110000000111100000000
00000000011110000000111100000000
00000000011100000000111100000000
00000000011100000000111100000000
00000000011100000001111100000000
00000000011111111111111100000000
00000000011111111111111000000000
00000000011111111111111000000000
00000000000000000000111000000000
00000000000000000001111000000000
00000000000000000001111000000000
00000000000000000001111000000000
00000000000000000001110000000000
00000000000000000001110000000000
00000000000000000001110000000000
00000000000000000001110000000000
00000000000000000001110000000000
00000000000000000001110000000000
00000000000000000001110000000000
00000000000000000001110000000000
00000000000000000000000000000000
00000000000000000000000000000000
00000000000000000000000000000000
00000000000000000000000000000000