4
00000000000000000000000000000000
00000000000000000000000000000000
00000000000000000000000000000000
00000000111000000011000000000000
00000000111000000111000000000000
00000000111000000111000000000000
00000000111000000111000000000000
00000000111000000111000000000000
00000000111000000111000000000000
00000000111000000111000000000000
00000000111000000111000000000000
00000000111000000111000000000000
00000000111000000111000000000000
00000000011000000111000000000000
00000000011100000111000000000000
00000000011111100111000000000000
00000000011111111111111110000000
00000000001111111111111110000000
00000000000000001111111110000000
00000000000000001110000000000000
00000000000000001110000000000000
00000000000000001110000000000000
00000000000000001110000000000000
00000000000000001110000000000000
00000000000000011100000000000000
00000000000000011100000000000000
00000000000000011100000000000000
00000000000000011100000000000000
00000000000000000000000000000000
00000000000000000000000000000000
00000000000000000000000000000000
00000000000000000000000000000000