6
00000000000000000000000000000000
00000000000000000000000000000000
00000000000000000000000000000000
00000000000000000000000000000000
00000000000001110000000000000000
00000000000001110000000000000000
00000000000011100000000000000000
00000000000011100000000000000000
00000000000111000000000000000000
00000000000111000000000000000000
00000000001110000000000000000000
00000000001110000000000000000000
00000000001110000000000000000000
00000000011100000000000000000000
00000000011100000000000000000000
00000000011100111111110000000000
00000000011101111111111000000000
00000000011111110001111100000000
00000000011111100000011100000000
00000000011111000000001100000000
00000000011110000000001100000000
00000000011110000000011100000000
00000000011110000000011100000000
00000000001110000000111000000000
00000000001111000011111000000000
00000000000111111111110000000000
00000000000011111111000000000000
00000000000000111000000000000000
00000000000000000000000000000000
00000000000000000000000000000000
00000000000000000000000000000000
00000000000000000000000000000000