5
00000000000000000000000000000000
00000000000000000000000000000000
00000000000000000000000000000000
00000000000000011111111111100000
00000000000011111111111111100000
00000000001111111111111111100000
00000000111111111100000000000000
00000001111111100000000000000000
00000001111100000000000000000000
00000011111000000000000000000000
00000011110000000000000000000000
00000111110000000000000000000000
00000111100000000000000000000000
00000111100000000000000000000000
00000111111000000001111111110000
00000111111111111111111111111100
00000001111111111111111111111100
00000000011111111111110001111110
00000000000000000000000000011110
00000000000000000000000000011110
00000000000000000000000000001110
00000000000000000000000000011110
00000011100000000000000001111110
00000011110000000000000111111110
00000011110000000000111111111100
00000011111000000011111111110000
00000001111111111111111110000000
00000001111111111111111000000000
00000000111111111111100000000000
00000000000000000000000000000000
00000000000000000000000000000000
00000000000000000000000000000000