5
00000000000000000000000000000000
00000000000000000000000000000000
00000000000000000000000000000000
00000000000000000000000000000000
00000000000000000000000000000000
00000000000111111111111111000000
00000000111100000000000000000000
00000000100000000000000000000000
00000000100000000000000000000000
00000000100000000000000000000000
00000000100000000000000000000000
00000000100000000000000000000000
00000000100000000000000000000000
00000000100000000000000000000000
00000000100000000111100000000000
00000000101111111100111100000000
00000000111000000001000110000000
00000000110000000000000010000000
00000000000000000000000011000000
00000000000000000000000001000000
00000000000000000000000001000000
00000000000000000000000001000000
00000000000000000000000001000000
00000000000000000000000011000000
00000000000000000000000010000000
00000000000000000000000110000000
00000000000000000000001100000000
00000000110000000000001000000000
00000000011000000000011000000000
00000000001110000001110010000000
00000000000011111111000000000000
00000000000000000000000000000000