8
00000000000000000000000000000000
00000000000000000000000000000000
00000000000000000000000000000000
00000000000000000000000000000000
00000000000000000000000000000000
00000000001111111000000000000000
00000000111000001100000000000000
00000001100000000100000000000000
00000001000000000100000000000000
00000001000000000100000000000000
00000001100000001000000000000000
00000000100000001000000000000000
00000000110000010000000000000000
00000000010000010000000000000000
00000000011000110000000000000000
00000000001111100000000000000000
00000000000011111111100000000000
00000000000011000000100000000000
00000000000110000000010000000000
00000000000100000000010000000000
00000000001100000000011000000000
00000000001000000000001000000000
00000000001000000000001000000000
00000000001000000000001000000000
00000000001100000000001000000000
00000000000100000000011000000000
00000000000110000000110000000000
00000000000011111111000000000000
00000000000000000000000000000000
00000000000000000000000000000000
00000000000000000000000000000000
00000000000000000000000000000000