9
00000000000000000000000000000000
00000000000000000000000000000000
00000000000000000000000000000000
00000000000111111000000000000000
00000000001110001101000000000000
00000000011000000111000000000000
00000000110000000011000000000000
00000001100000000011000000000000
00000001100000000110000000000000
00000011000000000110000000000000
00000011000000000110000000000000
00000010000000001110000000000000
00000010000000001100000000000000
00000011000000011100000000000000
00000001000000111100000000000000
00000001100000111000000000000000
00000001100001101000000000000000
00000000110011001000000000000000
00000000011110011000000000000000
00000000001100011000000000000000
00000000000000010000000000000000
00000000000000010000000000000000
00000000000000010000000000000000
00000000000000010000000000000000
00000000000000010000000000000000
00000000000000110000000000000000
00000000000000110000000000000000
00000000000000100000000000000000
00000000000001100000000000000000
00000000000001100000000000000000
00000000000001000000000000000000
00000000000000000000000000000000