3
00000000000000000000000000000000
00000000000000000000000000000000
00000000111111111100000000000000
00000001111111111111000000000000
00000001111111111111100000000000
00000000000000000111100000000000
00000000000000000011100000000000
00000000000000000001100000000000
00000000000000000001100000000000
00000000000000000001100000000000
00000000000000000011100000000000
00000000000000000111100000000000
00000000000000001111100000000000
00000000000000111111110000000000
00000000000001111111111100000000
00000000000000111001111110000000
00000000000000000000001110000000
00000000000000000000000111000000
00000000000000000000000111100000
00000000000000000000000011100000
00000000000000000000000011100000
00000000000000000000000001100000
00000000000000000000000001100000
00000000000000000000000011100000
00000000000000000000000111100000
00000000000000000000001111100000
00000000000000000000111111000000
00000000000111101111111110000000
00000000001111111111111000000000
00000000001111111111100000000000
00000000000011000000000000000000
00000000000000000000000000000000