1
00000000000000000000010000000000
00000000000000000001000000000000
00000000000000000001001000000000
00000000000000000100000000000000
00000000000000000111000000000000
00000000000000001110000000000000
00000000000000011110000000000000
00000000000000111011000000000000
00000000010000110011000000000000
00000000000001110011000000000000
00000000000001100011000100000000
00000000010011000001100000000000
00000000001011000001100000000000
00000000001110000001101000000000
00000000001101000001100000000000
00000000011000010001100000000000
00000000111010000101110000000000
00000000010000001001100000000000
00000000010000000001100000000000
00000000000000000101110000000000
00000000000000000001100000000000
00000000000000000001100000000000
00000000000001000001100000000000
00000000000001000100100000000000
00000000000000000000000000000000
00000000000000000000000000000000
00000000000000000000000000000000
00000000000000000000000000000000
00000000000000000000000000000000
00000000000000000000000000000000
00000000000000000000000000000000
00000000000000000000000000000000