6
00000000000000000000000000000000
00000000000000000000000000000000
00000000000000000001100000000000
00000000000000011111110000000000
00000000000001111111110000000000
00000000000111111100000000000000
00000000011111100000000000000000
00000000111110000000000000000000
00000001111000000000000000000000
00000011110000000000000000000000
00000111100000000000000000000000
00000111000000000000000000000000
00001110000000000000000000000000
00001110000000000000000000000000
00001110000000000000000000000000
00001110000000000000000000000000
00001110000000111111110000000000
00001110001111111111111110000000
00001110111111111111111111100000
00001111111110000000000111100000
00001111110000000000000001110000
00001111000000000000000001110000
00001111000000000000000000110000
00000111000000000000000000111000
00000111100000000000000000110000
00000011111000000000000001110000
00000001111111100000001111110000
00000000011111111111111111100000
00000000000011111111111111000000
00000000000000001111100000000000
00000000000000000000000000000000
00000000000000000000000000000000