4
00000000000000000000000000000000
00000000000000000000000000000000
00000000000000000000000000000000
00000000000000000000000000000000
00000000000000000000000000000000
00000000000000000000000000000000
00000000000000000000000000000000
00000000010000000000000000000000
00000000010000001000000000000000
00000000010000001000000000000000
00000000010000001000000000000000
00000000010000001000000000000000
00000000010000001000000000000000
00000000010000001000000000000000
00000000010000001000000000000000
00000000010000001000000000000000
00000000011100001111110000000000
00000000000111111100000000000000
00000000000000001000000000000000
00000000000000001000000000000000
00000000000000001000000000000000
00000000000000001100000000000000
00000000000000000100000000000000
00000000000000000100000000000000
00000000000000000100000000000000
00000000000000000100000000000000
00000000000000000000000000000000
00000000000000000000000000000000
00000000000000000000000000000000
00000000000000000000000000000000
00000000000000000000000000000000
00000000000000000000000000000000