8
00000000000000000000000000000000
00000000000000000000000000000000
00000000000000000000000000000000
00000000000000000000000000000000
00000000000000000000000000000000
00000000000111111100000000000000
00000000001100000110000000000000
00000000001000000011000000000000
00000000001000000001100000000000
00000000001000000000100000000000
00000000011000000000100000000000
00000000010000000000100000000000
00000000010000000000100000000000
00000000010000000000100000000000
00000000011000000000100000000000
00000000001110000001100000000000
00000000000011111111000000000000
00000000000011000001111000000000
00000000000110000000001000000000
00000000001100000000001100000000
00000000001000000000000100000000
00000000001000000000000100000000
00000000001000000000000100000000
00000000001100000000000100000000
00000000000111000000011100000000
00000000000011111111111000000000
00000000000000000000000000000000
00000000000000000000000000000000
00000000000000000000000000000000
00000000000000000000000000000000
00000000000000000000000000000000
00000000000000000000000000000000