5
00000000000000000000000000000000
00000000000000000000000000000000
00000000000000000000000000000000
00000000000000000000000000000000
00000011111111111111111100000000
00000010000000000000000000000000
00000010000000000000000000000000
00000011000000000000000000000000
00000001000000000000000000000000
00000001000000000000000000000000
00000001000000000000000000000000
00000001000000000000000000000000
00000001000000000000000000000000
00000001000000000000000000000000
00000001000000000000000000000000
00000001000000000000000000000000
00000011111111111111110000000000
00000000000000000000011000000000
00000000000000000000001100000000
00000000000000000000000110000000
00000000000000000000000010000000
00000000000000000000000010000000
00000000000000000000000010000000
00000000000000000000000010000000
00000000000000000000000010000000
00000000000000000000001100000000
00000000000000000000111000000000
00000111110000111111100000000000
00000000011111100000000000000000
00000000000000000000000000000000
00000000000000000000000000000000
00000000000000000000000000000000