9
00000000000000000000000000000000
00000000000000000000000000000000
00000000000001000000000000000000
00000000000111111100000000000000
00000000001111111110000000000000
00000000011111011110000000000000
00000000011100001111000000000000
00000000111000001111000000000000
00000000111000001111000000000000
00000000111000001111000000000000
00000000111000001110000000000000
00000000111000001110000000000000
00000000111000011110000000000000
00000000111111111110000000000000
00000000111111111110000000000000
00000000001111101110000000000000
00000000000000001110000000000000
00000000000000001110000000000000
00000000000000001110000000000000
00000000000000001110000000000000
00000000000000001110000000000000
00000000000000001110000000000000
00000000000000001110000000000000
00000000000000001110000000000000
00000000000000001110000000000000
00000000000000001110000000000000
00000000000000001110000000000000
00000000000000001110000000000000
00000000000000001110000000000000
00000000000000000100000000000000
00000000000000000000000000000000
00000000000000000000000000000000