3
00000000000000000000000000000000
00000000000000000000000000000000
00000000000111100000000000000000
00000000111111110000000000000000
00000001100000011000000000000000
00000000000000001100000000000000
00000000000000000100000000000000
00000000000000000100000000000000
00000000000000000100000000000000
00000000000000000100000000000000
00000000000000000100000000000000
00000000000000000100000000000000
00000000000000000100000000000000
00000000000000001100000000000000
00000000000000011000000000000000
00000000001111111111110000000000
00000000000000000000011000000000
00000000000000000000001000000000
00000000000000000000001000000000
00000000000000000000001100000000
00000000000000000000001100000000
00000000000000000000001100000000
00000000000000000000001100000000
00000000000000000000001000000000
00000000000000000000001000000000
00000000000000000000011000000000
00000000000000000000110000000000
00000100000000000111100000000000
00000111111111111100000000000000
00000000000000000000000000000000
00000000000000000000000000000000
00000000000000000000000000000000