2
00000000000000000000000000000000
00000000000000000000000000000000
00000000000000000000000000000000
00000000000000000000000000000000
00000000000000000000000000000000
00000001111111100000000000000000
00000011111111111000000000000000
00000011111111111100000000000000
00000011110011111100000000000000
00000011100000111100000000000000
00000011100000011100000000000000
00000011100000011100000000000000
00000000000000011100000000000000
00000000000000111100000000000000
00000000000011111100000000000000
00000000000111111000000000000000
00000000001111110000000000000000
00000000011111100000000000000000
00000000011111000000000000000000
00000000111110000000000000000000
00000000111100000000000000000000
00000001111100000000000000000000
00000001111000000000000000000000
00000011111111111111111110000000
00000011111111111111111110000000
00000011111111111111111110000000
00000000000000000000000000000000
00000000000000000000000000000000
00000000000000000000000000000000
00000000000000000000000000000000
00000000000000000000000000000000
00000000000000000000000000000000