2
00000000000000000000000000000000
00000000000000000000000000000000
00000000000000000000000000000000
00000000000000000000000000000000
00000000000000000000000000000000
00000000000001111111000000000000
00000000000111000001100000000000
00000000001100000000010000000000
00000000001000000000001000000000
00000000010000000000001000000000
00000000010000000000001000000000
00000000000000000000001000000000
00000000000000000000001000000000
00000000000000000000001000000000
00000000000000000000001000000000
00000000000000000000001000000000
00000000000000000000010000000000
00000000000000000000010000000000
00000000000000000000010000000000
00000000000000000000010000000000
00000000000000000000010000000000
00000000000000000000100000000000
00000000000000000000100000000000
00000000000000000001000000000000
00000000000000001110000000000000
00000000000000110000000000000000
00000000000011000000000000000000
00000000000110000000000111110000
00000000011101111111111000000000
00000000111110000000000000000000
00000000000000000000000000000000
00000000000000000000000000000000