4
00000000000000000000000000000000
00000000000000000000000000000000
00000000000000000000000000000000
00000000011000000011100000000000
00000000111000000011100000000000
00000000111000000011100000000000
00000000111000000111000000000000
00000000111000000111000000000000
00000001110000000111000000000000
00000001110000000111000000000000
00000011110000000111000000000000
00000011100000000111000000000000
00000011100000000111000000000000
00000111100000000111000000000000
00000111000000000111000000000000
00000111000000000111000000000000
00000111000000000111111111111000
00000110000000011111111111111000
00001110000111111111111110000000
00001110111111111111000000000000
00001111111111001110000000000000
00001111111000001110000000000000
00000111100000001110000000000000
00000000000000001110000000000000
00000000000000001110000000000000
00000000000000001110000000000000
00000000000000001110000000000000
00000000000000001110000000000000
00000000000000001110000000000000
00000000000000001110000000000000
00000000000000001100000000000000
00000000000000000000000000000000