9
00000000000000000000000000000000
00000000000000000000000000000000
00000000000000000000000000000000
00000000000000000000000000000000
00000000000000000000000000000000
00000000000000011111000000000000
00000000000001111111110000000000
00000000000111111011111000000000
00000000001111000000011000000000
00000000111110000000011000000000
00000000111000000000111000000000
00000001110000000000111000000000
00000011100000000001111000000000
00000011100000000001111000000000
00000011000000000111111000000000
00000011000000001111011000000000
00000011100000011110011000000000
00000011100000111100011000000000
00000001110001111000011000000000
00000001111111110000011000000000
00000000111111100000011000000000
00000000011110000000011000000000
00000000000000000000011000000000
00000000000000000000011000000000
00000000000000000000011000000000
00000000000000000000011000000000
00000000000000000000011000000000
00000000000000000000011000000000
00000000000000000000011000000000
00000000000000000000000000000000
00000000000000000000000000000000
00000000000000000000000000000000