8
00000000000000000000000000000000
00000000000000000000000000000000
00000000000000000000000000000000
00000000000000000000000000000000
00000000000111111000000000000000
00000000011000001100000000000000
00000000100000000100000000000000
00000001000000000010000000000000
00000011000000000010000000000000
00000010000000000010000000000000
00000011000000000001000000000000
00000001000000000001000000000000
00000000100000000011000000000000
00000000010000000110000000000000
00000000001000011100000000000000
00000000000111110000000000000000
00000000000111111110000000000000
00000000011000000001100000000000
00000000110000000000110000000000
00000000100000000000001000000000
00000001000000000000000110000000
00000001000000000000000010000000
00000010000000000000000011000000
00000010000000000000000010000000
00000010000000000000000110000000
00000001000000000000011000000000
00000001110000000001110000000000
00000000011000000111000000000000
00000000000111111000000000000000
00000000000000000000000000000000
00000000000000000000000000000000
00000000000000000000000000000000