4
00000000000000000000000000000000
00000000000000000000000000000000
00000000000000000000000000000000
00000000000000000001110000000000
00000001100000000001110000000000
00000001110000000001110000000000
00000001110000000001110000000000
00000001110000000001110000000000
00000001110000000001110000000000
00000001110000000001110000000000
00000001110000000001110000000000
00000001110000000001110000000000
00000000110000000001110000000000
00000000110000000001110000000000
00000000111000011111111111110000
00000000111111111111111111110000
00000000111111111111111111100000
00000000111111000001110000000000
00000000000000000001110000000000
00000000000000000001110000000000
00000000000000000001110000000000
00000000000000000001110000000000
00000000000000000001110000000000
00000000000000000001110000000000
00000000000000000001110000000000
00000000000000000001110000000000
00000000000000000001110000000000
00000000000000000001110000000000
00000000000000000001100000000000
00000000000000000000000000000000
00000000000000000000000000000000
00000000000000000000000000000000