6
00000000000000000000000000000000
00000000000000000000000000000000
00000000000000000000000000000000
00000000000000000000000000000000
00000000000000000000000000000000
00000000000000011110000000000000
00000000000001111111110000000000
00000000000011110000100000000000
00000000000111000000000000000000
00000000001110000000000000000000
00000000011100000000000000000000
00000000011000000000000000000000
00000000110000000000000000000000
00000000110000000000000000000000
00000001100000000000000000000000
00000001100000000000000000000000
00000001100000000000000000000000
00000001100000000000111110000000
00000001100000000011111111100000
00000001100000000111100001110000
00000000110000001110000000110000
00000000110000001100000000011000
00000000111000011000000000011000
00000000011100011100000000110000
00000000011110001100000000110000
00000000000111101100000001110000
00000000000011111110000111100000
00000000000000011111111111000000
00000000000000000000010000000000
00000000000000000000000000000000
00000000000000000000000000000000
00000000000000000000000000000000