4
00000000000000000000000000000000
00000000000000000000000000000000
00000000000000000000000000000000
00000000000000010000000000000000
00000000000000110000000000000000
00000000000000110000000000000000
00000000000000110000000000000000
00000000000001110000000000000000
00000000000001010000000000000000
00000000000001010000000000000000
00000000000010010000000000000000
00000000000010010000000000000000
00000000000110010000000000000000
00000000001000010000000000000000
00000000001000010000000000000000
00000000010000010000000000000000
00000001111111111111111111000000
00000001100000010000000000000000
00000000000000010000000000000000
00000000000000010000000000000000
00000000000000010000000000000000
00000000000000010000000000000000
00000000000000010000000000000000
00000000000000010000000000000000
00000000000000010000000000000000
00000000000000001000000000000000
00000000000000001000000000000000
00000000000000001000000000000000
00000000000000001000000000000000
00000000000000000000000000000000
00000000000000000000000000000000
00000000000000000000000000000000