7
00000000000000000000000000000000
00000000000000000000000000000000
00000000000000000000000000000000
00000000000000000000000000000000
00000000000000000001000000000000
00000000000000000000000000000000
00000000000000000000010000000000
00000000000001111111111100000000
00000011111111111111011000000000
00000001000000000000011000000000
00000000000000000000110000000000
00000000000000000000110000000000
00000000000000000000110000000000
00000000000000000001100000000000
00000000000000000001101010000000
00000000000000001111111111000000
00000000000001111111101000000000
00000000000001110001100000000000
00000000000000000001100000000000
00000000000000000011000000000000
00000000000000000011010000000000
00000000000000000011010000000000
00000000000000000010000000000000
00000000000000000000100000000000
00000000000000000000000000000000
00000000000000000000000000000000
00000000000000000000000000000000
00000000000000000000000000000000
00000000000000000000000000000000
00000000000000000000000000000000
00000000000000000000000000000000
00000000000000000000000000000000