8
00000000000000000000000000000000
00000000000000000000000000000000
00000000000000000000000000000000
00000000000000000000000000000000
00000000000111111110000000000000
00000000001111111111100000000000
00000000011111001111110000000000
00000000011110000011111000000000
00000000011100000001111000000000
00000000011100000000111000000000
00000000011110000001111000000000
00000000001111000011111000000000
00000000001111100111111000000000
00000000000111111111110000000000
00000000000011111111100000000000
00000000000111111111000000000000
00000000001111111111100000000000
00000000011111100111110000000000
00000000111110000011110000000000
00000000111100000001111000000000
00000000111000000001111000000000
00000000111000000001111000000000
00000000111100000001110000000000
00000000111111000011110000000000
00000000011111111111110000000000
00000000001111111111100000000000
00000000000011111111000000000000
00000000000000000000000000000000
00000000000000000000000000000000
00000000000000000000000000000000
00000000000000000000000000000000
00000000000000000000000000000000