4
00000000000000000000000000000000
00000000000000000000000000000000
00000000000000010000000000000000
00000000000000110000000000000000
00000000000001110000000000000000
00000000000001010000000000000000
00000000000010010000000000000000
00000000000010010000000000000000
00000000000100010000000000000000
00000000001000010000000000000000
00000000001000010000000000000000
00000000010000010000000000000000
00000000100000010000000000000000
00000000100000010000000000000000
00000011000000010000000000000000
00000011111111111111110000000000
00000000000000010000000000000000
00000000000000010000000000000000
00000000000000010000000000000000
00000000000000010000000000000000
00000000000000010000000000000000
00000000000000010000000000000000
00000000000000010000000000000000
00000000000000010000000000000000
00000000000000010000000000000000
00000000000000010000000000000000
00000000000000010000000000000000
00000000000000010000000000000000
00000000000000000000000000000000
00000000000000000000000000000000
00000000000000000000000000000000
00000000000000000000000000000000