4
00000000000000000000000000000000
00000000000000000000000000000000
00000000000000000000000000000000
00000000111000000000000000000000
00000000111000000111000000000000
00000000111000000111000000000000
00000000111000000111000000000000
00000001111000000111000000000000
00000001111000000111000000000000
00000001110000000111000000000000
00000001110000000111000000000000
00000001110000000111100000000000
00000001110000000111100000000000
00000001110000000111100000000000
00000001110000000011100000000000
00000011110000000011100001110000
00000011110000111111111111110000
00000011101111111111111111110000
00000011111111111111111111110000
00000011111111111011100000000000
00000011111110000011100000000000
00000011111000000011100000000000
00000011100000000011100000000000
00000000000000000011100000000000
00000000000000000011100000000000
00000000000000000011100000000000
00000000000000000011100000000000
00000000000000000011100000000000
00000000000000000011100000000000
00000000000000000011100000000000
00000000000000000011100000000000
00000000000000000000000000000000