8
00000000000000000000000000000000
00000000000000000000000000000000
00000000000000000000000000000000
00000000000000000000000000000000
00000000001111100000000000000000
00000000111000111000000000000000
00000001100000001000000000000000
00000011000000001000000000000000
00000010000000001000000000000000
00000011000000001000000000000000
00000001000000001000000000000000
00000001100000011000000000000000
00000000110000010000000000000000
00000000011000110000000000000000
00000000001111100000000000000000
00000000000011100000000000000000
00000000000111111000000000000000
00000000001100001110000000000000
00000000011000000011000000000000
00000000010000000001100000000000
00000000110000000000100000000000
00000000100000000000100000000000
00000000100000000000100000000000
00000000100000000000100000000000
00000000100000000001100000000000
00000000111000000011000000000000
00000000001111111110000000000000
00000000000000000000000000000000
00000000000000000000000000000000
00000000000000000000000000000000
00000000000000000000000000000000
00000000000000000000000000000000