4
00000000000000000000000000000000
00000000000000000000000000000000
00000000000000000000000000000000
00000000000000000000000000000000
00000001110000000001111000000000
00000001110000000001111000000000
00000001110000000001111000000000
00000001110000000000111000000000
00000011110000000000111000000000
00000011110000000000111000000000
00000011110000000000111000000000
00000011100000000000111000000000
00000011100000000000111000000000
00000011100000000000111000000000
00000011100000000000111000000000
00000011110000000000111000000000
00000011111111111000111000000000
00000011111111111111111111111000
00000000111111111111111111111000
00000000000000111111111111111000
00000000000000000000111000000000
00000000000000000000111000000000
00000000000000000000111000000000
00000000000000000000111000000000
00000000000000000000111000000000
00000000000000000000111000000000
00000000000000000000111000000000
00000000000000000000111000000000
00000000000000000000111000000000
00000000000000000000111000000000
00000000000000000000111000000000
00000000000000000000000000000000