8
11111111111111111111111111111111
11111111111111111111111111111111
00000000000011101110001111000000
00000000000011100000001111000000
00000000000011100000001111000000
00000000000011100000011111000000
00000000000011100000111110000000
00000000000011110000111110000000
00000000000011110001111100000000
00000000000011110001111000000000
00000000000011110001110000000000
00000000000001111111110000000000
00000000000001111111110000000000
00000000000001111111110000000000
00000000000000000111111000000000
00000000000000000011111100000000
00000000000000000011111100000000
00000000000000000011111110000000
00000000000000000011111111000000
00000000000000000011101111000000
00000000000000000011101111000000
00000000000000000011111111000000
00000000000000000011110111000000
00000000000000000011110111000000
00000000000000000001110111000000
00000000000000000001110111000000
00000000000000000001110111000000
00000000000000000001111111000000
00000000000000000001111111000000
00000000000000000000111111000000
00000000000000000000111111000000
00000000000000000000011111000000