4
00000000000000000000000000000000
00000000000000000000000111000000
00011100000000000000001111000000
00011100000000000000001111000000
00011100000000000000001111000000
00011100000000000000001110000000
00011100000000000000001111000000
00011100000000000000001111000000
00011100000000000000000111000000
00011110000000000000000111000000
00011110000000000000000111100000
00001111100000000000001111100000
00001111111100000001111111100000
00001111111111111111111111100000
00000011111111111111111111000000
00000000011111111111110111100000
00000000000000000000000111100000
00000000000000000000000011100000
00000000000000000000000011100000
00000000000000000000000011100000
00000000000000000000000011100000
00000000000000000000000011110000
00000000000000000000000011110000
00000000000000000000000011110000
00000000000000000000000001110000
00000000000000000000000001110000
00000000000000000000000011110000
00000000000000000000000011110000
00000000000000000000000011110000
00000000000000000000000011100000
00000000000000000000000000000000
00000000000000000000000000000000