9
00000000000000000000000000000000
00000000000000000000000000000000
00000000000000000000000000000000
00000000000001111111000000000000
00000000000111000111100000000000
00000000001100000001100000000000
00000000011000000001100000000000
00000000110000000000100000000000
00000000100000000000100000000000
00000000100000000001100000000000
00000000100000000001100000000000
00000000100000000001100000000000
00000000110000000001100000000000
00000000011000000011100000000000
00000000001100000110100000000000
00000000000111111100100000000000
00000000000000000000100000000000
00000000000000000000100000000000
00000000000000000000100000000000
00000000000000000000100000000000
00000000000000000000100000000000
00000000000000000000100000000000
00000000000000000000100000000000
00000000000000000000100000000000
00000000000000000000100000000000
00000000000000000000100000000000
00000000000000000000100000000000
00000000000000000000100000000000
00000000000000000000000000000000
00000000000000000000000000000000
00000000000000000000000000000000
00000000000000000000000000000000