5
00000000000000000000000000000000
00000000000000000000000000000000
00000000000000000000000000000000
00000000000000000000111100000000
00000000000001111111111100000000
00000000111111111111111100000000
00000000111111111110000000000000
00000000111100000000000000000000
00000000111000000000000000000000
00000000111000000000000000000000
00000000111000000000000000000000
00000000111111111111000000000000
00000000111111111111100000000000
00000000111111000111110000000000
00000000111100000001111000000000
00000000111000000000111100000000
00000000010000000000011100000000
00000000000000000000001110000000
00000000000000000000001110000000
00000000000000000000001110000000
00000000000000000000011100000000
00000000000000000000011100000000
00000000111000000001111000000000
00000000111000001111111000000000
00000000111111111111100000000000
00000000011111111110000000000000
00000000000011100000000000000000
00000000000000000000000000000000
00000000000000000000000000000000
00000000000000000000000000000000
00000000000000000000000000000000
00000000000000000000000000000000