4
00000000000000000000000000000000
00000000000000000000000000000000
00000000000000000000000000000000
00000001110000000000000000000000
00000001110000000000000000000000
00000001110000000000000000000000
00000001110000000000000000000000
00000001110000000000000000000000
00000001111000000000000000000000
00000001111000000000000000000000
00000001111000000000000000000000
00000001111000001110000000000000
00000001111000001110000000000000
00000000111000001110000000000000
00000000111100001110000000000000
00000000111100001110000000000000
00000000011100001110000000000000
00000000011100001110000000000000
00000000011111111111111000000000
00000000011111111111111000000000
00000000011111111111111000000000
00000000000000001110000000000000
00000000000000001110000000000000
00000000000000001110000000000000
00000000000000001110000000000000
00000000000000000000000000000000
00000000000000000000000000000000
00000000000000000000000000000000
00000000000000000000000000000000
00000000000000000000000000000000
00000000000000000000000000000000
00000000000000000000000000000000