8
00000000000000000000000000000000
00000000000000011111000000000000
00000000000111111111100000000000
00000000001111111111100000000000
00000000011111100011100000000000
00000000011100000011100000000000
00000000011110000111000000000000
00000000001111100111000000000000
00000000000111111110000000000000
00000000000001111110000000000000
00000000000000111110000000000000
00000000000001111110000000000000
00000000000001111111000000000000
00000000000011100111000000000000
00000000000111100111000000000000
00000000000111000011100000000000
00000000001110000011100000000000
00000000001110000011100000000000
00000000011100000001100000000000
00000000011100000001110000000000
00000000011100000001110000000000
00000000011100000011100000000000
00000000011100000111100000000000
00000000001110001111000000000000
00000000001111111110000000000000
00000000000111111100000000000000
00000000000011110000000000000000
00000000000000000000000000000000
00000000000000000000000000000000
00000000000000000000000000000000
00000000000000000000000000000000
00000000000000000000000000000000