0
00000000000000000000000000000000
00000000000000000000000000000000
00000000000000000000000000000000
00000000000000000000000000000000
00000000000000000000000000000000
00000000000000000000000000000000
00000000000000111110000000000000
00000000000111111111100000000000
00000000001111000011110000000000
00000000011100000000111000000000
00000000011000000000011000000000
00000000111000000000001100000000
00000000110000000000001100000000
00000001100000000000001110000000
00000001100000000000000110000000
00000001100000000000000110000000
00000001000000000000000110000000
00000001000000000000000110000000
00000001100000000000000110000000
00000001100000000000000110000000
00000001100000000000001100000000
00000000110000000000001100000000
00000000110000000000011100000000
00000000111000000000111000000000
00000000011111000001110000000000
00000000000111111111100000000000
00000000000000011111000000000000
00000000000000000000000000000000
00000000000000000000000000000000
00000000000000000000000000000000
00000000000000000000000000000000
00000000000000000000000000000000