5
00000000000000000000000000000000
00000000000000000000000000000000
00000000000000000000000000000000
00000000000000000000000000000000
00000000000000000000000000000000
00000000000000000000000000000000
00000000011000100111110000000000
00000000111111111111110000000000
00000000110010000000000000000000
00000000110000000000010000000000
00000000111000111100000000000000
00000000111111111111110000000000
00000000111110000001111000000000
00000000010000000110011110000000
00000000000000000000001111000000
00000000000000000000000111000000
00000000000000100000000011100000
00000000001100000000000001100001
00000000100001100000000001110000
00000000001100000000000001100000
00000000000000000000000001100000
00000000001100000000000011100000
00000000011110000000001111001100
00000000001111111111111100100000
00000000000001111111110000000000
00000000000000010000000000000000
00000000000000000000000000000000
00000000000000000000000000000000
00000000000000000000000000000000
00000000000000000000000000000000
00000000000000000000000000000000
00000000000000000000000000000000