7
00000000000000000000000000000000
00000000000000000000000000000000
00000000000000000000000000000000
00000000000000000000000000000000
00000000000000000011111000000000
00000000000000000111111100000000
00000000000011111111111100000000
00000000011111111111111100000000
00000011111111111101111100000000
00000011111111110000111100000000
00000011111000000000011100000000
00000000000000000000011100000000
00000000000000000000011100000000
00000000000000000000011100000000
00000000000000000000011100000000
00000000000000000000011100000000
00000000000000000000011100000000
00000000000000000000011100000000
00000000000000000000011100000000
00000000000000000000011100000000
00000000000000000000011100000000
00000000000000000000011100000000
00000000000000000000001100000000
00000000000000000000001110000000
00000000000000000000001110000000
00000000000000000000000110000000
00000000000000000000000111000000
00000000000000000000000011100000
00000000000000000000000001100000
00000000000000000000000000000000
00000000000000000000000000000000
00000000000000000000000000000000