0
00000000000000000000000000000000
00000000000000000000000000000000
00000000000011111110000000000000
00000000000111111111110000000000
00000000111111000011111100000000
00000011111110000000011110000000
00001111100000000000000111000000
00011110000000000000000011100000
00111000000000000000000001110000
00110000000000000000000000110000
01110000000000000000000000111000
01100000000000000000000000011000
01100000000000000000000000011100
01100000000000000000000000001100
01100000000000000000000000001100
01100000000000000000000000001100
01100000000000000000000000001100
01100000000000000000000000001100
01110000000000000000000000001100
00110000000000000000000000001100
00111000000000000000000000001100
00011000000000000000000000001100
00011100000000000000000000001100
00001100000000000000000000001100
00001110000000000000000000001100
00000111000000000000000000011100
00000011100000000000000000111000
00000001111000000000000001111000
00000000111111000000000111100000
00000000001111111111111111000000
00000000000001111111111100000000
00000000000000000000000000000000