9
00000000000000000000000000000000
00000000000000000000000000000000
00000000000000000000000000000000
00000000000000000000000000000000
00000000000000000000000000000000
00000000000000111111100000000000
00000000000001111111110000000000
00000000000011100000110000000000
00000000000111000000110000000000
00000000001110000001110000000000
00000000001100000001110000000000
00000000001100000001110000000000
00000000001000000001110000000000
00000000011000000001110000000000
00000000001100000001110000000000
00000000001100000011110000000000
00000000001110000111110000000000
00000000000111111110110000000000
00000000000011111100110000000000
00000000000000000000110000000000
00000000000000000000110000000000
00000000000000000000110000000000
00000000000000000000110000000000
00000000000000000000110000000000
00000000000000000000110000000000
00000000000000000000010000000000
00000000000000000000010000000000
00000000000000000000000000000000
00000000000000000000000000000000
00000000000000000000000000000000
00000000000000000000000000000000
00000000000000000000000000000000