8
00000000000000000000000000000000
00000000000000000000000000000000
00000000000000011111111110000000
00000000000011111111111111000000
00000000000111111111111111000000
00000000001111111000001111000000
00000000001111100000000111000000
00000000001111000000000111000000
00000000001110000000000111000000
00000000001111000000001111000000
00000000001111110000011111000000
00000000001111111111111111000000
00000000000111111111111110000000
00000000000000111111111100000000
00000000000001111111111000000000
00000000000111111111111100000000
00000000011111111111111100000000
00000000111111110000111100000000
00000000111110000000011110000000
00000000111100000000011110000000
00000000111000000000001110000000
00000000111000000000001110000000
00000000111100000000001110000000
00000000111111100000011110000000
00000000011111111111111110000000
00000000001111111111111110000000
00000000000011111111111100000000
00000000000000000000000000000000
00000000000000000000000000000000
00000000000000000000000000000000
00000000000000000000000000000000
00000000000000000000000000000000