8
00000000000000000000000000000000
00000000000000000000000000000000
00000000000000000000000000000000
00000000000000000000000000000000
00000000000001111000000000000000
00000000000111001111000000000000
00000000001100000001100000000000
00000000011000000000110000000000
00000000110000000000010000000000
00000000100000000000011000000000
00000000100000000000001000000000
00000000100000000000010000000000
00000000110000000000010000000000
00000000011100000000110000000000
00000000000111111111100000000000
00000000000001100000110000000000
00000000000110000000011000000000
00000000000100000000001000000000
00000000001100000000001000000000
00000000001000000000001000000000
00000000011000000000011000000000
00000000010000000000010000000000
00000000010000000000110000000000
00000000010000000000100000000000
00000000011000000001100000000000
00000000001100000111000000000000
00000000000111111100000000000000
00000000000000000000000000000000
00000000000000000000000000000000
00000000000000000000000000000000
00000000000000000000000000000000
00000000000000000000000000000000