9
11111111111111111111111111111111
11111111111111111111111111111111
00000001111111111110000000000000
00000011111100011110000000000000
00000111111000001110000000000000
00000111100000001111000000000000
00000111000000001111100000000000
00000111000000001111100000000000
00000111000000001111110000000000
00000111000000001111110000000000
00000111000000001111110000000000
00000111100000001111111000000000
00000111110000001111111000000000
00000111111000001111111000000000
00000011111110011111111000000000
00000000111111111110111000000000
00000000111111111100111000000000
00000000000111111100111000000000
00000000000000000000111000000000
00000000000000000000111000000000
00000000000000000000111100000000
00000000000000000000111100000000
00000000000001111111111100000000
00000000001111111111111100000000
00000000111111111111111100000000
00000000111111111000000000000000
00000000111110000000000000000000
00000000000000000000000000000000
00000000000000000000000000000000
00000000000000000000000000000000
00000000000000000000000000000000
00000000000000000000000000000000