6
00000000000000000000000000000000
00000000000000000000000000000000
00000000000000001111100000000000
00000000000000001111100000000000
00000000000000111111100000000000
00000000001111111110000000000000
00000000001111111110000000000000
00000000001111111000000000000000
00000001111110000000000000000000
00000001111110000000000000000000
00000001111110000000000000000000
00000001111111111110000000000000
00000001111111111110000000000000
00000001111111111111100000000000
00000001110000001111100000000000
00000001110000001111100000000000
00000001110000000011100000000000
00000001110000000011100000000000
00000001110000000011100000000000
00000001110000000011100000000000
00000001110000000011100000000000
00000001110000000011100000000000
00000001110000000011100000000000
00000001110000000011100000000000
00000001111100000011100000000000
00000001111111111111100000000000
00000001111111111111100000000000
00000000001111111111100000000000
00000000000000000000000000000000
00000000000000000000000000000000
00000000000000000000000000000000
00000000000000000000000000000000