8
00000000000000000000000000000000
00000000000000000000000000000000
00000000000000000000000000000000
00000000000000000000000000000000
00000000000000000000000000000000
00000000000000111111110000000000
00000000000011111111111000000000
00000000000111111111111100000000
00000000001111111001111111000000
00000000011111100000011111000000
00000000011111000000011111000000
00000000011110000000111111000000
00000000011111000011111110000000
00000000001111111111111100000000
00000000001111111111111000000000
00000000001111111111100000000000
00000000011111111110000000000000
00000000011111111111100000000000
00000000111110011111110000000000
00000000111100000111111000000000
00000000111100000011111000000000
00000000011100000001111000000000
00000000011100000001111000000000
00000000011110000001111000000000
00000000011111100011110000000000
00000000011111111111110000000000
00000000001111111111110000000000
00000000000011111111100000000000
00000000000000001111100000000000
00000000000000000000000000000000
00000000000000000000000000000000
00000000000000000000000000000000