2
00000000000000000000000000000000
00000000000000000000000000000000
00000000000000000000000000000000
00000000000000000000000000000000
00000000000000000000000000000000
00000000000000000000000000000000
00000000000000000000000000000000
00000000011111111000000000000000
00000001110000001100000000000000
00000001000000000110000000000000
00000000000000000011000000000000
00000000000000000001100000000000
00000000000000000000110000000000
00000000000000000000010000000000
00000000000000000000011000000000
00000000000000000000001000000000
00000000000000000000001000000000
00000000000000000000001000000000
00000000000000000000001000000000
00000000000000000000001000000000
00000000000000000000001000000000
00000000000111111110001000000000
00000000011100000011111000000000
00000000010000000000111000000000
00000000010000000000111100000000
00000000010000000011100110000000
00000000011100000110000011100000
00000000000111111100000000111000
00000000000000000000000000001100
00000000000000000000000000000000
00000000000000000000000000000000
00000000000000000000000000000000