0
00000000000000000000000000000000
00000000000000000000000000000000
00000000000000000000000000000000
00000000000000000000000000000000
00000000000000000000000000000000
00000011111111111111100000000000
00000011111111111111100000000000
00000011111111111111100000000000
00001111100000000011111111000000
00001111100000000011111111000000
00011111100000000011111111100000
00011110000000000000000111111000
00011110000000000000000111111000
00011100000000000000000011111100
00011100000000000000000000111100
00011100000000000000000000111100
00011100000000000000000000011100
00011100000000000000000000011100
00011100000000000000000000111100
00011100000000000000000000111100
00011100000000000000000000111100
00011110000000000000000111111000
00011111100000000000000111111000
00011111100000000000000111111000
00001111111111111111111111000000
00000011111111111111111111000000
00000011111111111111111111000000
00000000000000000000000000000000
00000000000000000000000000000000
00000000000000000000000000000000
00000000000000000000000000000000
00000000000000000000000000000000