5
00000000000000000000000000000000
00000000000000000000000000000000
00000000000000000000000000000000
00000000000000000000000000000000
00000000000000000000000000000000
00001111111111111111111100000000
00001000000000000000000000000000
00001000000000000000000000000000
00001000000000000000000000000000
00001000000000000000000000000000
00001100000000000000000000000000
00001100000000000000000000000000
00000100000000000000000000000000
00000100011111111000000000000000
00000111111100000110000000000000
00000000000000000011000000000000
00000000000000000001000000000000
00000000000000000001100000000000
00000000000000000000100000000000
00000000000000000000100000000000
00000000000000000000100000000000
00000000000000000000100000000000
00000000000000000000100000000000
00000000000000000000100000000000
00000000000000000001100000000000
00000000000000000011000000000000
00011111111111111110000000000000
00000111111111110000000000000000
00000000000000000000000000000000
00000000000000000000000000000000
00000000000000000000000000000000
00000000000000000000000000000000