8
00000000000000000000000000000000
00000000000000000000000000000000
00000000000000000000000000000000
00000000000000000000011000000000
00000000000000000000110000000000
00000000000000111001100000000000
00000000000111100111000000000000
00000000011100001110000000000000
00000000111000011100000000000000
00000001100000111000000000000000
00000011000001110000000000000000
00000011000111100000000000000000
00000010000110000000000000000000
00000010001100000000000000000000
00000011011000000000000000000000
00000001110000000000000000000000
00000001110000000000000000000000
00000001111100000000000000000000
00000011001110000000000000000000
00000010000011100000000000000000
00000010000000111000000000000000
00000110000000001110000000000000
00000100000000000010000000000000
00000100000000000010000000000000
00000100000000000010000000000000
00000100000000001110000000000000
00000111111111111000000000000000
00000000011110000000000000000000
00000000000000000000000000000000
00000000000000000000000000000000
00000000000000000000000000000000
00000000000000000000000000000000