9
00000000000000000000000000000000
00000000000000000000000000000000
00000000001111111111111100000000
00000000001111111111111100000000
00000000011111111111111111000000
00000000011110000000011111000000
00000000011110000000011111000000
00000000011100000000011111000000
00000000011100000011111111000000
00000000011100000011111111000000
00000000011100000011111111000000
00000000011100000011111100000000
00000000011100000011111100000000
00000000011110000111111100000000
00000000011110001111111100000000
00000000011111001111111100000000
00000000001111111111011100000000
00000000000111111110011100000000
00000000000011111110011100000000
00000000000000000000011100000000
00000000000000000000011100000000
00000000000000000000011100000000
00000000000000000000011100000000
00000000000000000000011100000000
00000000000000000000011100000000
00000000000000000000011100000000
00000000000000000000011100000000
00000000000000000000011100000000
00000000000000000000000000000000
00000000000000000000000000000000
00000000000000000000000000000000
00000000000000000000000000000000