5
00000000000000000000000000000000
00000000000000000000000000000000
00000000011111111110000000000000
00000001111111111111111100000000
00000001111111111111111100000000
00000001111100001111111100000000
00000001110000000000000000000000
00000001110000000000000000000000
00000001110000000000000000000000
00000001110000000000000000000000
00000001110000000000000000000000
00000001110000000000000000000000
00000001111111111110000000000000
00000001111111111111100000000000
00000001111111111111110000000000
00000001111100000111111000000000
00000000000000000001111000000000
00000000000000000001111100000000
00000000000000000000111110000000
00000000000000000000011110000000
00000000000000000000011110000000
00000000000000000000001110000000
00000000000000000000001110000000
00000000000000000000011110000000
00000111110000000000011110000000
00000111111000000000111110000000
00000111111110000111111100000000
00000001111111111111111100000000
00000000111111111111110000000000
00000000000111111110000000000000
00000000000000000000000000000000
00000000000000000000000000000000