6
00000000000000000000000000000000
00000000000000000000000000000000
00000000000000000000000000000000
00000000000000000000000000000000
00000000000000000000000000000000
00000000000000000000000000000000
00000000000001111111000000000000
00000000000111111111000000000000
00000000011110000000000000000000
00000000111100000000000000000000
00000001110000000000000000000000
00000011100000000000000000000000
00000011000000000000000000000000
00000110000000000000000000000000
00000110000000000000000000000000
00000110000000000000010000000000
00000110000000000011111100000000
00000110000000001111101110000000
00000111000000111110000110000000
00000011000000110000000110000000
00000011100000110000000110000000
00000001100001100000001110000000
00000001110001100000011100000000
00000000111111100111111000000000
00000000001111111111110000000000
00000000000000000000000000000000
00000000000000000000000000000000
00000000000000000000000000000000
00000000000000000000000000000000
00000000000000000000000000000000
00000000000000000000000000000000
00000000000000000000000000000000