6
00000000000000000000000000000000
00000000000000000000000000000000
00000000000000000000000000000000
00000000000000110000000000000000
00000000000011100000000000000000
00000000001110000000000000000000
00000000011000000000000000000000
00000000010000000000000000000000
00000000110000000000000000000000
00000000100000000000000000000000
00000000100000000000000000000000
00000001100000000000000000000000
00000001000000000000000000000000
00000001000000000000000000000000
00000001000000000000000000000000
00000001000000000000000000000000
00000011111111110000000000000000
00000010000000011100000000000000
00000010000000000110000000000000
00000010000000000010000000000000
00000010000000000011000000000000
00000010000000000001000000000000
00000011000000000001000000000000
00000001100000000011000000000000
00000000110000000010000000000000
00000000011100000110000000000000
00000000000111111100000000000000
00000000000000000000000000000000
00000000000000000000000000000000
00000000000000000000000000000000
00000000000000000000000000000000
00000000000000000000000000000000