9
00000000000000000000000000000000
00000000000000000000000000000000
00000000000000000000000000000000
00000000000111111110011100000000
00000000001111111111111100000000
00000000011111111111111100000000
00000000111111001111111100000000
00000001111110000000111110000000
00000001111000000000111110000000
00000001111000000000111110000000
00000001110000000001111110000000
00000001111000000001111110000000
00000001111000000011111110000000
00000001111100000111111110000000
00000000111110000111101110000000
00000000111111111111101110000000
00000000011111111111001110000000
00000000000111111110001110000000
00000000000011111100001110000000
00000000000000000000001110000000
00000000000000000000001110000000
00000000000000000000001110000000
00000000000000000000001110000000
00000000000000000000001110000000
00000000000000000000001110000000
00000000000000000000001110000000
00000000000000000000001110000000
00000000000000000000001110000000
00000000000000000000001110000000
00000000000000000000000000000000
00000000000000000000000000000000
00000000000000000000000000000000