4
00000000000000000000000000000000
00000000000000000000000000000000
00000111000000000000000000000000
00000111000000000001110000000000
00000111000000000011110000000000
00000111000000000011110000000000
00000111000000000011110000000000
00000111000000000011100000000000
00000111000000000011100000000000
00000111000000000011100000000000
00000111000000000011100000000000
00000111000000000011100000000000
00000111000000000011100000000000
00000111000000000011110000000000
00000111000000000011110000000000
00000111000000000011110000000000
00000111110000000001110000000000
00000111111111111111111111000000
00000111111111111111111111000000
00000001111111111111111111000000
00000000000000000001110000000000
00000000000000000001110000000000
00000000000000000001110000000000
00000000000000000001110000000000
00000000000000000001110000000000
00000000000000000001110000000000
00000000000000000001110000000000
00000000000000000001110000000000
00000000000000000001110000000000
00000000000000000001110000000000
00000000000000000001110000000000
00000000000000000000000000000000