8
00000000000000000000000000000000
00000000000000000000000000000000
00000000000000000000000000000000
00000000000000000110000000000000
00000000000111111111000000000000
00000000001111111111110000000000
00000000001110000001111000000000
00000000001100000000111000000000
00000000001100000000011000000000
00000000001110000000011000000000
00000000001110000000011000000000
00000000000111100000011000000000
00000000000011111000011000000000
00000000000001111111011000000000
00000000000000011111111000000000
00000000000000000011111000000000
00000000000000000111111000000000
00000000000000001111110000000000
00000000000000111110111000000000
00000000000011111100111000000000
00000000000011110000111000000000
00000000000111000000111000000000
00000000000111000000011000000000
00000000000111000000011000000000
00000000000111000000011000000000
00000000000111100000011000000000
00000000000011110000111000000000
00000000000001111111111000000000
00000000000000111111110000000000
00000000000000000000000000000000
00000000000000000000000000000000
00000000000000000000000000000000