9
00000000000000000000000000000000
00000000000000000000000000000000
00000000000001111100000000000000
00000000000111111111111000000000
00000000011111111111111100000000
00000001111111000001111100000000
00000011111000000000011100000000
00000111100000000000011100000000
00000111000000000000011110000000
00001110000000000000011110000000
00001110000000000000011110000000
00011100000000000000011110000000
00011100000000000000001110000000
00011100000000000000011110000000
00011110000000000000011110000000
00001111100000000000111110000000
00000111111111001111111110000000
00000011111111111111111110000000
00000000011111111111001110000000
00000000000000000000001110000000
00000000000000000000001110000000
00000000000000000000001110000000
00000000000000000000001110000000
00000000000000000000001110000000
00000000000000000000001110000000
00000000000000000000001110000000
00000000000000000000000110000000
00000000000000000000000110000000
00000000000000000000000111000000
00000000000000000000000110000000
00000000000000000000000000000000
00000000000000000000000000000000