2
00000000000000000000000000000000
00000000000000000000000000000000
00000000000000000000000000000000
00000000000000000000000000000000
00000000000011111111100000000000
00000000111100000000110000000000
00000001100000000000011000000000
00000011000000000000001000000000
00000010000000000000001000000000
00000010000000000000001000000000
00000010000000000000001000000000
00000010000000000000001000000000
00000110000000000000001000000000
00000100000000000000001000000000
00000000000000000000001000000000
00000000000000000000001000000000
00000000000000000000010000000000
00000000000000000000010000000000
00000000000000000000010000000000
00000000000000000000110000000000
00000000000000000000100000000000
00000000000000000001100000000000
00000000000000000001000000000000
00000000011111111111110000000000
00000011110000000010011000000000
00001110000000000110001100000000
00001000000000000100000110000000
00001000000000001100000011000000
00001000000000011000000001100000
00001100000000110000000000111000
00000110000001100000000000001000
00000011111111000000000000000000