9
00000000000000000000000000000000
00000000000000000000000000000000
00000000000000111100000000000000
00000000000011111111000000000000
00000000000111111111000000000000
00000000001111000111000000000000
00000000011110000111000000000000
00000000111100000111000000000000
00000000111000001111000000000000
00000000111000001111000000000000
00000000110000011111000000000000
00000001110000111110000000000000
00000000110011111110000000000000
00000000111111110110000000000000
00000000011111000110000000000000
00000000000000001110000000000000
00000000000000001110000000000000
00000000000000001110000000000000
00000000000000001110000000000000
00000000000000001110000000000000
00000000000000001110000000000000
00000000000000001110000000000000
00000000000000001110000000000000
00000000000000001110000000000000
00000000000000001110000000000000
00000000000000001110000000000000
00000000000000001110000000000000
00000000000000001110000000000000
00000000000000001110000000000000
00000000000000001110000000000000
00000000000000000000000000000000
00000000000000000000000000000000