4
00000000000000000000000000000000
00000000000000000000000000000000
00000000000000000000000000000000
00000000011100000000000000000000
00000000011100000011000000000000
00000000111100000111000000000000
00000000111000000111000000000000
00000001110000000111000000000000
00000001110000000111000000000000
00000001110000000111000000000000
00000011100000000111000000000000
00000011100000000111000000000000
00000011100000000111000000000000
00000011111100000111000000000000
00000011111111111111000000000000
00000000111111111111110000000000
00000000000011111111111000000000
00000000000000000111110000000000
00000000000000000111000000000000
00000000000000000111000000000000
00000000000000000111000000000000
00000000000000000111000000000000
00000000000000000111000000000000
00000000000000000111000000000000
00000000000000000111000000000000
00000000000000000111000000000000
00000000000000000111000000000000
00000000000000000111000000000000
00000000000000000111000000000000
00000000000000000000000000000000
00000000000000000000000000000000
00000000000000000000000000000000