8
00000000000000000000000000000000
00000000000000000000000000000000
00000000000000000000000000000000
00000000000000000000000000000000
00000000111111111110000000000000
00000001111111111111111000000000
00000001111111111111111000000000
00000001111000001111111000000000
00000001110000000011111000000000
00000001111000000000111000000000
00000001111100000001111000000000
00000001111110000011111000000000
00000000111111000111111000000000
00000000011111111111110000000000
00000000001111111111100000000000
00000000000111111111000000000000
00000000011111111111000000000000
00000000111111111111000000000000
00000001111111001111100000000000
00000001111100000111100000000000
00000001111000000111110000000000
00000001110000000011110000000000
00000001111000000011110000000000
00000001111110000001110000000000
00000001111111000001110000000000
00000000111111111111110000000000
00000000001111111111110000000000
00000000000111111111110000000000
00000000000000011111100000000000
00000000000000000000000000000000
00000000000000000000000000000000
00000000000000000000000000000000