0
00000000000000000000000000000000
00000000000000000000000000000000
00000000011111000000000000000000
00000000011111111000000000000000
00000000111111111111000000000000
00000001111111111111100000000000
00000001110000000111110000000000
00000011110000000001111000000000
00000011100000000000111000000000
00000011100000000000011100000000
00000011100000000000011100000000
00000011000000000000011100000000
00000111000000000000011100000000
00000111000000000000011100000000
00000111000000000000011100000000
00000111000000000000011100000000
00000111000000000000011100000000
00000011100000000000011100000000
00000011100000000000011100000000
00000011100000000000011100000000
00000011110000000000011100000000
00000001110000000000011100000000
00000001111000000000111000000000
00000000111100000000111000000000
00000000011111000001111000000000
00000000001111111111110000000000
00000000000111111111100000000000
00000000000001111110000000000000
00000000000000000000000000000000
00000000000000000000000000000000
00000000000000000000000000000000
00000000000000000000000000000000