8
00000000000000000000000000000000
00000000000000000000000000000000
00000000000000000000000000000000
00000000000000000000000000000000
00000000000000000000000000000000
00000000000000011111111100000000
00000000000001111111111110000000
00000000000011111111111110000000
00000000000111111111111111000000
00000000000111110000011111000000
00000000000111100000111110000000
00000000000111100011111100000000
00000000000111100111111000000000
00000000000111111111110000000000
00000000000011111111100000000000
00000000000001111111110000000000
00000000000011111111111000000000
00000000000111111111111000000000
00000000001111110001111100000000
00000000001111100000111110000000
00000000011111000000011110000000
00000000011111000000011110000000
00000000011110000000011110000000
00000000011110000000011110000000
00000000011110000000011110000000
00000000011110000000111110000000
00000000011111000111111110000000
00000000011111111111111100000000
00000000001111111111111000000000
00000000000111111111100000000000
00000000000011111100000000000000
00000000000000000000000000000000