8
11111111111111111111111111111111
11111111111111111111111111111111
00000000000000000000000000000000
00000000000000000000000000000000
00000000011111000000000000000000
00000001111111000000000000000000
00000001111111000000000000000000
00000011111000000000000000000000
00000011111111100000000000000000
00000011101111100000000000000000
00000011101111100000000000000000
00000011100011100000000000000000
00000011100111100000000000000000
00000011101111100000000000000000
00000011111111100000000000000000
00000011111111000000000000000000
00000011111111110000000000000000
00000001111111110000000000000000
00000001111111111000000000000000
00000001111001111000000000000000
00000001110001111000000000000000
00000001110000111100000000000000
00000001110000111100000000000000
00000001110000011100000000000000
00000001111000011100000000000000
00000001111100011100000000000000
00000001111100011100000000000000
00000000111111011100000000000000
00000000011111111100000000000000
00000000001111111100000000000000
00000000000011111100000000000000
00000000000011111100000000000000