2
00000000000000000000000000000000
00000000000000000000000000000000
00000000000000000000000000000000
00000000000000000000000000000000
00000000000000000000000000000000
00000000000000000000000000000000
00000000000000000000000000000000
00000000000011111100000000000000
00000000001100000110000000000000
00000000000000000011000000000000
00000000000000000001100000000000
00000000000000000000100000000000
00000000000000000000100000000000
00000000000000000000100000000000
00000000000000000001100000000000
00000000000000000011000000000000
00000000000000000110000000000000
00000000000000001100000000000000
00000000000000011000000000000000
00000000000000100000000000000000
00000000000011100000000000000000
00000000000110000000000000000000
00000000001111111111111111110000
00000000000000000000000000000000
00000000000000000000000000000000
00000000000000000000000000000000
00000000000000000000000000000000
00000000000000000000000000000000
00000000000000000000000000000000
00000000000000000000000000000000
00000000000000000000000000000000
00000000000000000000000000000000