7
11111111111111111111111111111111
11111111111111111111111111111111
00000001111111111100000000000000
00000001111111111110000000000000
00000001111111111111000000000000
00000000000000001111100000000000
00000000000000000111100000000000
00000000000000000111100000000000
00000000000000000111100000000000
00000000000000000111100000000000
00000000000000000011100000000000
00000000000000000011100000000000
00000000000001111111111100000000
00000000000001111111111100000000
00000000000001111111111100000000
00000000000000000011100000000000
00000000000000000011100000000000
00000000000000000011100000000000
00000000000000000011100000000000
00000000000000000011100000000000
00000000000000000011100000000000
00000000000000000011100000000000
00000000000000000011100000000000
00000000000000000011100000000000
00000000000000000011100000000000
00000000000000000011100000000000
00000000000000000011100000000000
00000000000000000011100000000000
00000000000000000011100000000000
00000000000000000011100000000000
00000000000000000011100000000000
00000000000000000011100000000000