4
00000000000000000000000000000000
00000000000000000000000000000000
00000000000000000000000000000000
00000000000000000000000000000000
00000001000000000000000000000000
00000011000000000000000000000000
00000011000000000000100000000000
00000001000000000000100000000000
00000001000000000000100000000000
00000001000000000000100000000000
00000001000000000000100000000000
00000001000000000000100000000000
00000001000000000000100000000000
00000001000000000000100000000000
00000001000000000001100000000000
00000001000000000001100000000000
00000001000000000111100000000000
00000001000000011110100000000000
00000011000011110001100000000000
00000010111110000001100000000000
00000011110000000001000000000000
00000000000000000001000000000000
00000000000000000001000000000000
00000000000000000001000000000000
00000000000000000001000000000000
00000000000000000001100000000000
00000000000000000001100000000000
00000000000000000000100000000000
00000000000000000000100000000000
00000000000000000000100000000000
00000000000000000000100000000000
00000000000000000000000000000000