4
00000000000000000000000000000000
00000000000000000000000000000000
00000000000000000000000000000000
00000000100000000000000000000000
00000000100000000010000000000000
00000000100000000010000000000000
00000000100000000010000000000000
00000000100000000010000000000000
00000000100000000010000000000000
00000000100000000010000000000000
00000000100000000010000000000000
00000000100000000010000000000000
00000000100000000010000000000000
00000000111111111111111111100000
00000000000000000010000000000000
00000000000000000010000000000000
00000000000000000010000000000000
00000000000000000010000000000000
00000000000000000110000000000000
00000000000000000110000000000000
00000000000000000100000000000000
00000000000000000100000000000000
00000000000000000100000000000000
00000000000000000100000000000000
00000000000000000100000000000000
00000000000000000100000000000000
00000000000000000110000000000000
00000000000000000110000000000000
00000000000000000000000000000000
00000000000000000000000000000000
00000000000000000000000000000000
00000000000000000000000000000000