9
00000000000000000000000000000000
00000000000000000000000000000000
00000000111111111111000000000000
00000111110000001111111000000000
00001100000000000000001000000000
00110000000000000000001000000000
00100000000000000000001000000000
01100000000000000000001000000000
01000000000000000000001000000000
01000000000000000000001000000000
01100000000000000000011000000000
00111111111000000000011000000000
00000001111111111111111000000000
00000000000000000000001000000000
00000000000000000000001000000000
00000000000000000000001000000000
00000000000000000000001000000000
00000000000000000000001000000000
00000000000000000000001000000000
00000000000000000000001000000000
00000000000000000000001000000000
00000000000000000000001000000000
00000000000000000000001000000000
00000000000000000000001000000000
00000000000000000000001000000000
00000000000000000000001000000000
00000000000000000000001000000000
00000000000000000000001000000000
00000000000000000000001000000000
00000000000000000000001100000000
00000000000000000000000000000000
00000000000000000000000000000000