8
00000000000000000000000000000000
00000000000000000000000000000000
00000000000011111111100000000000
00000000001111111111111000000000
00000000011111111111111000000000
00000000111111111111111000000000
00000001111110000000111000000000
00000001111000000000111000000000
00000001111000000001111000000000
00000001111000000011111000000000
00000001111000000111111000000000
00000000111100001111110000000000
00000000111110111111100000000000
00000000111111111111000000000000
00000000011111111110000000000000
00000000001111111110000000000000
00000000011111111111100000000000
00000000111111111111110000000000
00000000111110000111111000000000
00000001111100000011111000000000
00000001111000000000111000000000
00000001111000000000111000000000
00000001111000000000111000000000
00000001111000000001111000000000
00000000111100000111111000000000
00000000111111111111111000000000
00000000111111111111110000000000
00000000001111111111000000000000
00000000000000000000000000000000
00000000000000000000000000000000
00000000000000000000000000000000
00000000000000000000000000000000