4
00000000000000000000000000000000
00000000000000000000000000000000
00000000000000000000000000000000
00000000000000000000000000000000
00000000000000000000000000000000
00000000000000000000000000000000
00000000100000000000000000000000
00000001100000000000000000000000
00000001100000001000000000000000
00000001100000001100000000000000
00000011000000001100000000000000
00000011000000001100000000000000
00000110000000001100000000000000
00000110000000001100000000000000
00000100000000001100000000000000
00001000000000000100000000000000
00011000000000000100000000000000
00010000000000000100000000000000
00110000000000000100000000000000
00111111111100000100000000000000
00000000000111111111110000000000
00000000000000000101001111111000
00000000000000000100000000000000
00000000000000000100000000000000
00000000000000000100000000000000
00000000000000000100000000000000
00000000000000000100000000000000
00000000000000000110000000000000
00000000000000000110000000000000
00000000000000000010000000000000
00000000000000000010000000000000
00000000000000000000000000000000