6
00000000000000000000000000000000
00000000000000001000000000000000
00000000000000000000000100000000
00000000000000000000110000000000
00000000000000000000000000000000
00000000000000001111100100000000
00000000000001111111000000000000
00000000000011110000000000000000
00000000001111000000000000000000
00000000001101000000000000000000
00000000011100000000000000000000
00000000011000000000000000000000
00000000110010000000000000000000
00000000110001000000000000000000
00000001100000000000000000000000
00000011110010000000000000000000
00000001100111111111100000000000
00000001100111101111110000000000
00000001011111000001110000000000
00000001111000010100011000000000
00000001110100100000110000000000
00000001110100000011100000000000
00010001111001001111010000000000
00010000111111111010001000000000
00000000001111100000000000000000
00000000000011000000000000000000
00000000000000000000000000000000
00000000000000000000000000000000
00000000000000000000000000000000
00000000000000000000000000000000
00000000000000000000000000000000
00000000000000000000000000000000