9
00000000000000000000000000000000
00000000000000000000000000000000
00000000000001111110000000000000
00000000000111111111000000000000
00000000011111000111000000000000
00000000111100000111000000000000
00000001110000000011000000000000
00000001100000000011000000000000
00000001100000000011000000000000
00000001100000000011000000000000
00000001100000000011000000000000
00000001100000000011000000000000
00000001110000000011000000000000
00000000111100000011000000000000
00000000011111111111000000000000
00000000000111111111000000000000
00000000000000000011000000000000
00000000000000000011000000000000
00000000000000000111000000000000
00000000000000000110000000000000
00000000000000000110000000000000
00000000000000000110000000000000
00000000000000000110000000000000
00000000000000000110000000000000
00000000000000000110000000000000
00000000000000000110000000000000
00000000000000000110000000000000
00000000000000000110000000000000
00000000000000000111000000000000
00000000000000000000000000000000
00000000000000000000000000000000
00000000000000000000000000000000