6
11111111111111111111111111111111
11111111111111111111111111111111
00000000000111110000000000000000
00000000000111110000000000000000
00000000000111110000000000000000
00000000000111000000000000000000
00000000000111000000000000000000
00000000001111000000000000000000
00000000001111000000000000000000
00000000011111000000000000000000
00000000011110000000000000000000
00000000111110000000000000000000
00000000111100000000000000000000
00000000111000000000000000000000
00000000111000000000000000000000
00000000111000000000000000000000
00000000111000000000000000000000
00000000111111110000000000000000
00000000111111111100000000000000
00000000111111111111000000000000
00000000111111111111000000000000
00000000111100011111000000000000
00000000111100000111100000000000
00000000111100000111100000000000
00000000111100000011100000000000
00000000111100000111100000000000
00000000111100000111100000000000
00000000011100000111100000000000
00000000011110000111000000000000
00000000011111100111000000000000
00000000011111110111000000000000
00000000001111111111000000000000