9
00000000000000000000000000000000
00000000000000000000000000000000
00000000000011110000000000000000
00000000001111110000000000000000
00000000111000100000000000000000
00000001110001100000000000000000
00000001100001100000000000000000
00000011000001100000000000000000
00000011000011000000000000000000
00000010000011000000000000000000
00000010000011000000000000000000
00000010000110000000000000000000
00000010000110000000000000000000
00000011011110000000000000000000
00000011111110000000000000000000
00000000000110000000000000000000
00000000000100000000000000000000
00000000000100000000000000000000
00000000000100000000000000000000
00000000000100000000000000000000
00000000001100000000000000000000
00000000001100000000000000000000
00000000001000000000000000000000
00000000001000000000000000000000
00000000001000000000000000000000
00000000001000000000000000000000
00000000001000000000000000000000
00000000001000000000000000000000
00000000001100000000000000000000
00000000001100000000000000000000
00000000000000000000000000000000
00000000000000000000000000000000