2
00000000000000000000000000000000
00000000000000000000000000000000
00000000000000000000000000000000
00000000000000000000000000000000
00000000000000000000000000000000
00000000000011111100000000000000
00000000001110000110000000000000
00000000011100000011000000000000
00000000110000000011000000000000
00000001100000000011000000000000
00000011000000000010000000000000
00000010000000000010000000000000
00000000000000000110000000000000
00000000000000001100000000000000
00000000000000001100000000000000
00000000000000011000000000000000
00000000000000011000000000000000
00000000000000110000000000000000
00000000000001100000000000000000
00000000000011000000000000000000
00000000000110000000000000000000
00000000001101111111111100000000
00000000111111100000000000000000
00000000000000000000000000000000
00000000000000000000000000000000
00000000000000000000000000000000
00000000000000000000000000000000
00000000000000000000000000000000
00000000000000000000000000000000
00000000000000000000000000000000
00000000000000000000000000000000
00000000000000000000000000000000