8
00000000000000000000000000000000
00000000000000000000000000000000
00000000000000000000000000000000
00000000000000000000000000000000
00000000000000000000000000000000
00000000000000111111100000000000
00000000000011100000111000000000
00000000001100000000001100000000
00000000110000000000000100000000
00000100000000000000000110000000
00000011000000000000000010000000
00000001100000000000000010000000
00000000011000000000000110000000
00000000000100000000011100000000
00000000000110011111100000000000
00000000000001110000000000000000
00000000001111100000000000000000
00000000011000110000000000000000
00000000010000010000000000000000
00000000010000001000000000000000
00000000010000001000000000000000
00000000010000000100000000000000
00000000001000000100000000000000
00000000001100000100000000000000
00000000000110000100000000000000
00000000000011101100000000000000
00000000000000011000000000000000
00000000000000000000000000000000
00000000000000000000000000000000
00000000000000000000000000000000
00000000000000000000000000000000
00000000000000000000000000000000