9
00000000000000000000000000000000
00000000000000000000000000000000
00000000000011111100000000000000
00000000001111111111000000000000
00000000011110000011000000000000
00000000111100000111000000000000
00000000111000000111000000000000
00000001110000000111000000000000
00000001100000000111000000000000
00000001100000000111000000000000
00000011100000000111000000000000
00000011000000001111000000000000
00000011100000011111000000000000
00000001111000111111000000000000
00000000111111111111000000000000
00000000011111100111000000000000
00000000000000000110000000000000
00000000000000000110000000000000
00000000000000000110000000000000
00000000000000000110000000000000
00000000000000000110000000000000
00000000000000000110000000000000
00000000000000001110000000000000
00000000000000001100000000000000
00000000000000001100000000000000
00000000000000001100000000000000
00000000000000001100000000000000
00000000000000001100000000000000
00000000000000001100000000000000
00000000000000000000000000000000
00000000000000000000000000000000
00000000000000000000000000000000