0
00000000000000000000000000000000
00000000000000000000000000000000
00000000000000000000000000000000
00000000000000000000000000000000
00000000000000011111000000000000
00000000000001100001110000000000
00000000000111000000011000000000
00000000011100000000001100000000
00000000110000000000000100000000
00000011000000000000000100000000
00000110000000000000000110000000
00001100000000000000000010000000
00001000000000000000000010000000
00001000000000000000000010000000
00011000000000000000000010000000
00010000000000000000000010000000
00010000000000000000000100000000
00010000000000000000000100000000
00010000000000000000000100000000
00011000000000000000001100000000
00001100000000000000011000000000
00000110000000000000110000000000
00000011111100000011100000000000
00000000000011111100000000000000
00000000000000000000000000000000
00000000000000000000000000000000
00000000000000000000000000000000
00000000000000000000000000000000
00000000000000000000000000000000
00000000000000000000000000000000
00000000000000000000000000000000
00000000000000000000000000000000