1
00000000000000000001000000000000
00000000000000000100000000000000
00000000000000000000000000000000
00000000000000000001000000000000
00000000000000000111000000000000
00000000000000000111001000000000
00000000000000001111001000000000
00000000000000001111000000000000
00000000010000110011000000000000
00000000100001110011000000000000
00000000000111100011000000000000
00000000011111010111000000000000
00000000001100000110000000000000
00000000111100100110000000000000
00000000111001000110000000000000
00000000110000000110000000000000
00000000000000001111000000000000
00000000000000000110000000000000
00000000000000001110000000000000
00000000000000001100000000000000
00000000000000001100000000000000
00000000000000001110000000000000
00000000000000001110000000000000
00000000000000000110000000000000
00000000000000000000000000000000
00000000000000000000000000000000
00000000000000000000000000000000
00000000000000000000000000000000
00000000000000000000000000000000
00000000000000000000000000000000
00000000000000000000000000000000
00000000000000000000000000000000