8
00000000000000001000010000000000
00000000000000110011010000000000
00000000000000000000000000000000
00000000000000001000000100000000
00000000000000000001000000000000
00000000000000011111100100000000
00000000000111111111100000000000
00000000001111000001110000000000
10000000111000001011111000000000
00010001110000010101100000000000
00000011001100011111000000000000
10000011111000000010100100000000
00000011111111111100001000000000
00010000000001111111000000000000
00000000000011100111000000000000
00000000000110011001101000000000
00000000101100000010110000000000
00000000011100000100110000000000
00000000011000000000011000000000
00000000110100100010011000000000
00000001100100100100011100000000
00000001101000000000110000000000
00000001100001010010111000000000
00000001100100000011100000000000
00000011111001001110000000000000
00000001111111111110000000000000
00000000000010000000000000000000
00000000000000000000000000000000
00000000000000000000000000000000
00000000100000000000000000000000
00000000000000000000000000000000
00000000100000000000000000000000