9
00000000000000000000000000000000
00000000000000000000000000000000
00000000000000000000000000000000
00000000000000000000000000000000
00000000000000001111110000000000
00000000000111111111111100000000
00000000011111111111111100000000
00000000111111111110011100000000
00000000111111000000011100000000
00000001111100000000111100000000
00000001111000000000111100000000
00000001111000000001111100000000
00000001110000000011111100000000
00000001111000000111111100000000
00000001111100011111111100000000
00000001111111111111111100000000
00000000111111111110011100000000
00000000011111111000011100000000
00000000000000000000011100000000
00000000000000000000011100000000
00000000000000000000011100000000
00000000000000000000011100000000
00000000000000000000011100000000
00000000000000000000011100000000
00000000000000000000011100000000
00000000000000000000011100000000
00000000000000000000011100000000
00000000000000000000011100000000
00000000000000000000011100000000
00000000000000000000000000000000
00000000000000000000000000000000
00000000000000000000000000000000