2
00000000000000000000000000000000
00000000000000000000000000000000
00000000000000000000000000000000
00000000000000000000000000000000
00000000000000000000000000000000
00000000000000000000000000000000
00000000000000000000000000000000
00000000000000000000000000000000
00000000001111110000000000000000
00000000111000011000000000000000
00000001100000001110000000000000
00000000000000000010000000000000
00000000000000000011000000000000
00000000000000000001000000000000
00000000000000000001100000000000
00000000000000000000100000000000
00000000000000000000100000000000
00000000000000000000100000000000
00000000000000000000100000000000
00000000000000000000100000000000
00000000001111111100100000000000
00000000001000000111100000000000
00000000001100000111111000000000
00000000000111111100001110000000
00000000000000000000000011000000
00000000000000000000000001100000
00000000000000000000000000000000
00000000000000000000000000000000
00000000000000000000000000000000
00000000000000000000000000000000
00000000000000000000000000000000
00000000000000000000000000000000