8
00000000000000000000000000000000
00000000000000011111111000000000
00000000000001111111111100000000
00000000000011111111111110000000
00000000000111111100111110000000
00000000000111110000011110000000
00000000000111100000001110000000
00000000000111000000001110000000
00000000000111000000011110000000
00000000000111100000011110000000
00000000000111111000111110000000
00000000000111111101111100000000
00000000000001111111111100000000
00000000000001111111111000000000
00000000000011111111110000000000
00000000000111111111100000000000
00000000001111100111100000000000
00000000011111000011110000000000
00000000111110000011110000000000
00000000111100000011110000000000
00000000111100000001110000000000
00000000111000000001110000000000
00000000111000000001110000000000
00000000111000000001110000000000
00000000111100000001110000000000
00000000111110000001110000000000
00000000111111110011110000000000
00000000011111111111110000000000
00000000001111111111110000000000
00000000000001111111100000000000
00000000000000000000000000000000
00000000000000000000000000000000