0
00000000000000000000000000000000
00000000000000000000000000000000
00000000000000000000000000000000
00000000000000000000000000000000
00000000000000000000000000000000
00000000000000000000000000000000
00000000000000001110000000000000
00000000000011111011000000000000
00000000011110000001000000000000
00000000111000000001100000000000
00000001100000000000100000000000
00000001000000000000110000000000
00000011000000000000110000000000
00000011000000000000010000000000
00000010000000000000010000000000
00000010000000000000010000000000
00000010000000000000010000000000
00000011000000000000010000000000
00000001000000000000010000000000
00000001000000000000010000000000
00000001100000000000110000000000
00000000111000000000110000000000
00000000001110000001100000000000
00000000000011111111000000000000
00000000000000000000000000000000
00000000000000000000000000000000
00000000000000000000000000000000
00000000000000000000000000000000
00000000000000000000000000000000
00000000000000000000000000000000
00000000000000000000000000000000
00000000000000000000000000000000