6
00000000000000000000000000000000
00000000000000000000000000000000
00000000000000000010000000000000
00000000000000111111000000000000
00000000000011111111000000000000
00000000000111111000000000000000
00000000001111000000000000000000
00000000001110000000000000000000
00000000011110000000000000000000
00000000011100000000000000000000
00000000111000000000000000000000
00000000111000000000000000000000
00000000111001111000000000000000
00000001111111111110000000000000
00000001111111111111000000000000
00000001111110000111100000000000
00000001110000000011110000000110
00000011100000000001110000001110
00000011100000000001110000000110
00000011100000000000110000000000
00000001110000000000110000000000
00000001110000000001110000000000
00000001110000000001110000000000
00000000111000000011110000000000
00000000111100001111100000000000
00000000011111111111000000000000
00000000001111111110000000000000
00000000000011111000000000000000
00000000000000000000000000000000
00000000000000000000000000000000
00000000000000000000000000000000
00000000000000000000000000000000