4
00000000000000000000000000000000
00000000000000000000011000000000
00000000000000000000111100000000
00000110000000000000111100000000
00001111000000000000111100000000
00001111000000000000111100000000
00001111000000000000111100000000
00001111000000000000111100000000
00001111000000000000111100000000
00001111000000000000111100000000
00001111000000000000111100000000
00001111000000000000111100000000
00001111000000000000111100000000
00001111000000000000111100000000
00001111000000000000111100000000
00001111111111100000111100000000
00001111111111111111111110000000
00001111111111111111111111000000
00000111111111111111111111000000
00000000000000111111111110000000
00000000000000000000111100000000
00000000000000000000111100000000
00000000000000000000111100000000
00000000000000000000111100000000
00000000000000000000111100000000
00000000000000000001111100000000
00000000000000000001111000000000
00000000000000000001111000000000
00000000000000000001111000000000
00000000000000000011111000000000
00000000000000000011111000000000
00000000000000000001110000000000