9
00000000000000000000000000000000
00000000000111111110000000000000
00000000011111111111100000000000
00000000111111111111111000000000
00000001111000000000111000000000
00000011100000000000011100000000
00000111000000000000011100000000
00001110000000000000011100000000
00001100000000000000011100000000
00011100000000000000011100000000
00011100000000000000011100000000
00011100000000000000011100000000
00011110000000000001111100000000
00001111100000000111111100000000
00000111111111111111111100000000
00000001111111111110011100000000
00000000001111100000001100000000
00000000000000000000001100000000
00000000000000000000001100000000
00000000000000000000001100000000
00000000000000000000001100000000
00000000000000000000001100000000
00000000000000000000001100000000
00000000000000000000001110000000
00000000000000000000001110000000
00000000000000000000001110000000
00000000000000000000001110000000
00000000000000000000001110000000
00000000000000000000001110000000
00000000000000000000001110000000
00000000000000000000000000000000
00000000000000000000000000000000