0
00000000000000000000000000000000
00000000000000000000000000000000
00000000000000000000000000000000
00000000000000000000000000000000
00000000000000000000000000000000
00000000000000111111110000000000
00000000000111100011100000000000
00000000011100000000110000000000
00000000110000000000011000000000
00000000100000000000001100000000
00000001100000000000000110000000
00000011000000000000000011000000
00000010000000000000000001000000
00000010000000000000000001000000
00000110000000000000000001100000
00000100000000000000000000100000
00001100000000000000000000100000
00001000000000000000000000100000
00001000000000000000000000100000
00001000000000000000000000100000
00001100000000000000000000100000
00000100000000000000000000100000
00000110000000000000000000100000
00000010000000000000000001100000
00000011000000000000000001000000
00000001100000000000000011000000
00000000110000000000000110000000
00000000011100000000011100000000
00000000000111111111110000000000
00000000000000000000000000000000
00000000000000000000000000000000
00000000000000000000000000000000