6
00000000000000000000000000000000
00000000000000000000000000000000
00000000000000011110000000000000
00000000000001111110000000000000
00000000000111111110000000000000
00000000011111111000000000000000
00000000111111100000000000000000
00000001111111000000000000000000
00000001111100000000000000000000
00000011111000000000000000000000
00000011110000000000000000000000
00000111110000000000000000000000
00000111100000000000000000000000
00000111100000000000000000000000
00000111000000000000000000000000
00000111001111111111111000000000
00000111011111111111111111000000
00000111111111111111111111000000
00000111111110000000111111100000
00000111111100000000000111100000
00000011111000000000000111100000
00000011111100000000000111100000
00000001111110000000000111100000
00000000111111100000001111000000
00000000011111111100111111000000
00000000001111111111111111000000
00000000000011111111111110000000
00000000000000011111111000000000
00000000000000000000000000000000
00000000000000000000000000000000
00000000000000000000000000000000
00000000000000000000000000000000