4
00000000000000000000000000000000
00000000000000000110000000000000
00000000000000001111000000000000
00000000000000001111000000000000
00000011000000001111000000000000
00000111100000001111000000000000
00000111100000001111000000000000
00000111100000001111000000000000
00000111100000001111000000000000
00000111100000001111000000000000
00000111100000001111000000000000
00000111100000001111000000000000
00000111100000001111000000000000
00000111100000001111000000000000
00000111100001111111000000000000
00000111100011111111100000000000
00000111111111111111100000000000
00000111111111111111000000000000
00000111111111101111100000000000
00000011111110000111100000000000
00000000000000000111100000000000
00000000000000000111100000000000
00000000000000000111100000000000
00000000000000000111100000000000
00000000000000000111100000000000
00000000000000000011000000000000
00000000000000000000000000000000
00000000000000000000000000000000
00000000000000000000000000000000
00000000000000000000000000000000
00000000000000000000000000000000
00000000000000000000000000000000