0
00000000000000000000000000000000
00000000000000000000000000000000
00000000000000000000000000000000
00000000000000000000000000000000
00000000000111111111100000000000
00000000001110000001111000000000
00000000011000000000011110000000
00000000010000000000000010000000
00000000110000000000000011000000
00000000100000000000000001000000
00000000100000000000000001100000
00000000100000000000000000100000
00000000100000000000000000100000
00000000100000000000000000100000
00000000100000000000000001100000
00000000100000000000000001100000
00000000110000000000000001000000
00000000110000000000000001000000
00000000010000000000000001000000
00000000010000000000000011000000
00000000011000000000000010000000
00000000001100000000000010000000
00000000000100000000000110000000
00000000000110000000001100000000
00000000000010000000001100000000
00000000000011000000111000000000
00000000000001100001110000000000
00000000000000111111000000000000
00000000000000000000000000000000
00000000000000000000000000000000
00000000000000000000000000000000
00000000000000000000000000000000