0
00000000000000000000000000000000
00000000000000000000000000000000
00000000000000111111111000000000
00000000011111100000001110000000
00000001110000000000000011100000
00000011000000000000000000100000
00000110000000000000000000100000
00001100000000000000000000110000
00011000000000000000000000010000
00010000000000000000000000010000
00010000000000000000000000010000
00110000000000000000000000011000
00100000000000000000000000001000
00100000000000000000000000001000
00100000000000000000000000001000
00100000000000000000000000001000
00100000000000000000000000001000
00100000000000000000000000001000
00100000000000000000000000001000
00100000000000000000000000001000
00110000000000000000000000001000
00010000000000000000000000011000
00010000000000000000000000010000
00011000000000000000000000010000
00001000000000000000000000110000
00001000000000000000000001100000
00001100000000000000000011000000
00000110000000000000000110000000
00000011000000000001111100000000
00000001111111111111000000000000
00000000000000000000000000000000
00000000000000000000000000000000