4
00000000000000000000000000000000
00000000000000000000000000000000
00000000000000000000000000000000
00000011100000000001110000000000
00000011100000000001110000000000
00000011100000000001110000000000
00000011100000000001110000000000
00000011100000000001111000000000
00000011110000000001111000000000
00000011110000000001111000000000
00000011110000000001111000000000
00000001110000000001111000000000
00000001110000000000111000000000
00000001110000000000111000000000
00000001110000000000111100000000
00000001111100000000111100000000
00000001111111111111111100000000
00000001111111111111111100000000
00000000011111111111111100000000
00000000000000000000011100000000
00000000000000000000011100000000
00000000000000000000011100000000
00000000000000000000011100000000
00000000000000000000011100000000
00000000000000000000011110000000
00000000000000000000011110000000
00000000000000000000011110000000
00000000000000000000011110000000
00000000000000000000011110000000
00000000000000000000011110000000
00000000000000000000000000000000
00000000000000000000000000000000